1.074440004730694653e+02
9.974867288252337971e+01
1.022856236330512019e+02
1.013743968494272423e+02
1.023296567940465991e+02
1.001465601898354549e+02
1.007206423553709556e+02
9.998087479146262524e+01
9.978631624331481476e+01
9.978022991105420658e+01
9.979825577643015322e+01
1.014542412762240531e+02
9.975977110684705451e+01
1.001829362225847717e+02
9.981108119980385140e+01
1.006456525123253130e+02
1.002118479678634628e+02
1.023313257140497257e+02
1.029104531789450476e+02
9.979662328526306680e+01
1.010755803195534241e+02
9.966618038800946522e+01
9.980146487190945948e+01
9.998748824513928923e+01
9.974443725025240326e+01
1.000033437555594276e+02
1.001995723319945455e+02
9.978985857844520524e+01
9.982969544305011311e+01
9.995790576273097372e+01
9.972212332848393146e+01
9.973536916527136498e+01
9.967561289243410272e+01
9.969431916248294101e+01
1.102758745717274707e+02
1.010813548563529594e+02
1.036247649059448008e+02
1.007268810802024745e+02
1.008128683147245539e+02
1.003353512182328444e+02
1.006960769305592152e+02
1.004978188456506274e+02
1.007134933151230882e+02
9.998534833400003663e+01
1.022762637749581671e+02
1.011859545023988147e+02
9.981300919852894538e+01
1.000223227296298631e+02
1.002225711894751470e+02
1.011416775107062875e+02
1.009710949307134911e+02
1.022746867073837223e+02
9.966773607195004558e+01
1.012376806878014008e+02
1.023917712688307375e+02
9.976889669880232248e+01
1.002538536930615436e+02
9.980436776257462839e+01
1.006275017750809440e+02
1.004076162790551052e+02
1.004076162790551052e+02
9.975918488864209621e+01
9.978227087683487184e+01
9.980008195881163147e+01
9.968449314293199848e+01
1.001976672398890429e+02
9.984028283626545885e+01
1.015837281026947494e+02
1.012633421177698665e+02
9.977332584177084129e+01
1.011927769471831908e+02
9.974132150480889436e+01
9.966295378701109087e+01
1.013580268395451895e+02
1.004384239563435841e+02
1.026071580313830509e+02
9.971918770792228770e+01
1.006456525123253130e+02
9.985589631511831499e+01
9.998203389291599308e+01
1.142051008973054707e+02
1.111264831638553545e+02
9.975478349747942275e+01
1.036903282216353972e+02
9.978008879585424040e+01
1.002959411971748267e+02
9.982685953419871794e+01
9.996621815601639582e+01
1.005118163196851384e+02
1.005935084949144169e+02
1.050000564820345375e+02
1.008946064031644596e+02
1.006247051858424868e+02
1.000597267829745789e+02
1.001345362310289460e+02
1.000365291371184071e+02
1.005535590199886826e+02
1.000894773218676903e+02
1.001443433302166142e+02
1.001949823643572017e+02
9.985727380447633550e+01
1.002866285700521161e+02
9.972267304502123864e+01
9.978663259659397511e+01
9.965975837201060017e+01
9.973756494648668536e+01
1.048048449965194067e+02
9.971410921876301359e+01
1.022355695468857846e+02
1.005248779280403113e+02
1.005248779280403113e+02
1.005248779280403113e+02
1.004503959758188643e+02
1.039837284923380878e+02
1.068965741977411739e+02
1.008834123320058609e+02
1.004852595218560083e+02
1.000021859728442877e+02
1.008669551567588201e+02
1.049799370534976930e+02
1.046697177336985618e+02
1.018884887843235987e+02
1.037485674163777389e+02
1.003176015183174457e+02
1.001966054005697941e+02
9.991139734887718760e+01
1.008551496480876750e+02
1.001508938989453412e+02
1.036216815137430132e+02
1.036045615320672511e+02
9.971083499941370576e+01
1.002724608145283582e+02
9.966467545124942262e+01
1.021226655812919972e+02
9.993181893619036771e+01
9.993181893619036771e+01
1.004789816298004723e+02
1.004245423893962226e+02
1.005356255810124395e+02
1.004911036445482466e+02
1.003289029430342794e+02
1.010095451326048703e+02
1.014411877186927455e+02
1.008458039423825454e+02
1.006690203213413071e+02
1.008516361552167666e+02
1.006690804828653683e+02
1.015002470847718570e+02
1.008665345864783092e+02
1.008665345864783092e+02
1.026490849583324234e+02
1.017143595902473692e+02
1.014760925620833518e+02
1.012105653294009073e+02
1.012105653294009073e+02
1.036657678796334068e+02
1.007305094887160806e+02
1.024377591431549774e+02
1.017702049275306138e+02
1.014564551995768653e+02
1.047633201134889447e+02
1.011794868141894455e+02
1.014714379667533706e+02
1.003239735461695545e+02
1.003239735461695545e+02
1.006256915224389559e+02
1.026066867570441588e+02
1.026663175808524358e+02
1.015840320463503303e+02
1.010147524052305101e+02
1.004840094571003561e+02
1.003691234844699522e+02
1.008642010515961829e+02
1.008112648994413121e+02
1.031184438958985510e+02
1.008931917557206646e+02
1.080676465950541854e+02
1.009065456413593154e+02
1.009963504521943918e+02
1.009999729771858910e+02
1.057013676079027107e+02
1.054794474814213601e+02
1.004788143447409965e+02
1.010185987593472561e+02
1.001591408035014297e+02
1.005499133238392488e+02
1.006256915224389559e+02
1.007053910822033771e+02
1.003691234844699522e+02
1.009999729771858910e+02
1.010264356257073075e+02
1.001723222132881546e+02
1.009532019613915423e+02
1.006690804828653683e+02
1.008538341266289109e+02
1.003998472945777678e+02
1.003395401649146805e+02
1.003395401649146805e+02
1.018917560629612495e+02
1.014730332982210541e+02
1.063705888573523453e+02
1.028574845072123622e+02
1.006492832135712945e+02
1.005580980072364952e+02
9.998354295533167146e+01
9.998354295533167146e+01
1.022128486132746588e+02
1.014569244704694881e+02
9.979738660931911909e+01
1.016461146983636041e+02
1.013203584650050431e+02
1.015759439982425221e+02
1.013745378018831929e+02
9.982045805436570163e+01
1.004788143447409965e+02
1.052470302477433819e+02
1.007119540613861091e+02
1.004904017881396499e+02
1.004904017881396499e+02
1.028746088470388429e+02
1.021111045979127141e+02
1.019545295774204021e+02
1.019545295774204021e+02
1.018362613639898768e+02
1.003867169227687981e+02
1.010564548419159649e+02
1.000504600912262703e+02
9.987865111528590489e+01
1.002454904607259465e+02
1.012884695252169109e+02
1.012761439624146078e+02
1.001452568500245661e+02
9.983670700766228379e+01
9.979661020154998141e+01
1.003897134903487682e+02
9.976671394684684913e+01
1.006361403479214118e+02
1.001796097736854563e+02
9.984859758637026061e+01
9.968741840226961415e+01
1.002721161530384961e+02
1.007598469173869944e+02
1.037048015209681893e+02
9.979844020622761036e+01
1.008030573702236268e+02
1.004926765245861162e+02
1.002942295033180073e+02
1.001647898620059038e+02
1.002815254008363723e+02
1.002009069101371352e+02
9.965308269420528120e+01
9.970015830586929440e+01
9.986230904892396154e+01
1.003967435875993033e+02
9.983294293899193406e+01
9.964561178649510964e+01
9.965639152616046204e+01
9.966509038702099588e+01
9.966915446290606440e+01
1.003352163510122494e+02
1.003439204843233767e+02
9.982439009385171858e+01
9.975100654020602065e+01
9.973054354536741073e+01
9.964609666953258227e+01
9.966980333951003956e+01
1.001196677374633026e+02
1.002256830113702364e+02
9.974555387328089751e+01
1.001528643585484133e+02
1.001766830890905737e+02
9.968085442590383138e+01
9.970654349655180226e+01
9.990129040572864483e+01
1.001860268793796394e+02
1.001860268793796394e+02
9.991853038971029832e+01
9.969009570919818941e+01
1.000989729725032902e+02
9.971297365879965469e+01
1.001669486360706003e+02
1.000714837799256429e+02
1.002449528486946377e+02
9.977839502727152876e+01
9.980770067665552858e+01
9.973757377877471697e+01
9.976764050803616612e+01
9.979784242727025401e+01
9.979798182382381810e+01
9.996295056008317204e+01
9.996295056008317204e+01
9.967928360685418454e+01
1.001058425545305397e+02
9.967145404383806806e+01
9.967924859902731782e+01
1.003047405573988300e+02
9.979541871179966961e+01
9.974218408246785827e+01
9.974312630698923954e+01
9.974312630698923954e+01
9.974094863215309203e+01
1.002553786441898040e+02
9.971703510183426999e+01
9.969832490308250783e+01
9.970671870948075366e+01
9.984339173100472919e+01
1.028453413826556613e+02
9.968823732530491100e+01
1.011373593611820922e+02
1.050421418534992455e+02
1.008061659252713440e+02
1.004561294292833793e+02
1.001505915260731996e+02
9.973966133127720468e+01
9.987765534425480496e+01
1.028627720911532748e+02
9.980446989558049609e+01
1.080898680202230366e+02
1.072653310787368639e+02
9.973767864028779684e+01
9.979201033284958555e+01
9.983012356174704394e+01
9.993504097412895248e+01
9.972951268967422322e+01
9.981388278504768152e+01
1.011226399069584261e+02
9.970676982958411827e+01
9.972597587822323817e+01
9.972597587822323817e+01
9.984326014764050683e+01
9.984326014764050683e+01
1.001659360017421960e+02
9.980874273514291417e+01
9.984263715112285809e+01
1.001882347590814959e+02
9.980830520869062639e+01
9.973172401370368334e+01
1.001258744813806203e+02
1.003487756515297775e+02
1.001202046159057772e+02
1.001202046159057772e+02
9.995992800050073868e+01
1.004040956046167707e+02
9.975137526294402335e+01
9.968755129475881915e+01
1.002344228295860091e+02
1.002264874928539342e+02
9.992164564139480376e+01
9.992399768611730337e+01
1.007547926221857750e+02
9.984843070427450584e+01
9.984843070427450584e+01
1.002200097112212802e+02
9.967318052470132272e+01
1.006489003187346611e+02
1.005017355636138774e+02
1.034167160210182601e+02
1.035851799638032986e+02
1.003777675826697333e+02
9.981140886323669292e+01
9.970019190879213511e+01
9.997538781883751824e+01
1.001303191066703135e+02
1.032351644620243150e+02
1.012414782004585589e+02
1.011106966596657628e+02
9.978551109660911322e+01
9.980357769296611536e+01
1.000252623535552914e+02
9.968373462555956621e+01
9.968373462555956621e+01
1.001276527154932410e+02
1.001538304186761366e+02
9.971440986448070021e+01
9.971440986448070021e+01
1.032297832499218373e+02
9.979236555012911936e+01
1.007605086984161886e+02
1.002298181384433065e+02
1.002486923130773278e+02
1.001651971900984677e+02
1.014223211500913635e+02
1.014223211500913635e+02
1.019994311072930202e+02
9.980222209457269855e+01
9.979806937964671931e+01
9.970146034412319125e+01
1.003486851651978782e+02
9.993803381754352699e+01
9.973008704909010191e+01
9.973008704909010191e+01
9.973008704909010191e+01
9.971258005111738498e+01
1.001303191066703135e+02
9.982451524441475499e+01
9.988509731512215239e+01
9.979619470535422465e+01
1.003013422031451398e+02
9.979780064491801284e+01
9.968373462555956621e+01
1.011073513592711919e+02
1.000095004285100515e+02
1.002491740233250681e+02
1.002491740233250681e+02
1.001763279133201650e+02
9.974583161935848352e+01
9.974583161935848352e+01
9.974583161935848352e+01
9.974070326603887793e+01
1.003444488099700891e+02
1.002344228295860091e+02
9.979760083391188630e+01
9.976850605861739041e+01
9.993896274087606457e+01
9.993896274087606457e+01
9.977508268483352083e+01
1.012142215672351995e+02
1.004732822645746495e+02
1.002821763984736805e+02
1.024806370771667900e+02
1.032886083622007476e+02
1.000241839595976785e+02
9.983004491492853560e+01
9.970487522418558513e+01
1.003780718643514973e+02
1.000123587001535128e+02
9.980439914892818365e+01
9.977649561422056479e+01
1.008087923922460334e+02
9.984110629031313522e+01
9.985282443134830999e+01
9.985282443134919106e+01
1.003261058995698107e+02
1.007255373090515747e+02
9.981420900220440728e+01
1.004609898955132365e+02
9.977770272532325180e+01
9.977770272532237072e+01
9.990315715296303267e+01
9.990315715296391375e+01
9.967335236947903354e+01
1.043780123303299234e+02
1.046637614888781798e+02
9.973530438722032443e+01
9.973530438722032443e+01
1.023518790334653232e+02
1.036703516906640061e+02
1.035179707258208168e+02
1.009959541994318215e+02
1.009959541994318215e+02
1.006260073588617132e+02
1.030518522148578455e+02
1.091363233080001010e+02
9.970931269734185776e+01
9.990522556534979515e+01
1.113903183128590939e+02
1.000510200302228867e+02
1.106928734518583894e+02
1.093290400229426353e+02
1.008345007820900321e+02
9.964411518506133802e+01
1.006909863243807592e+02
1.002185564425218871e+02
1.009046290838886932e+02
9.991829453698656494e+01
9.974395031631910058e+01
9.976354982000815141e+01
9.986363679459272191e+01
9.981366880353880333e+01
9.994343023210382171e+01
9.977343150409207340e+01
1.000407653069817400e+02
9.982305365307584566e+01
9.992898409834870677e+01
1.001638820786100013e+02
9.987155984702259559e+01
9.980827634203151888e+01
9.980563545972432848e+01
9.984021396764921974e+01
1.002593104071666090e+02
9.995170146865351057e+01
9.970526440091266807e+01
9.990815476005587925e+01
9.980503524580741725e+01
1.001281101593427820e+02
1.005401371286499455e+02
9.980423046580337143e+01
9.967474246741524269e+01
9.977694883612268484e+01
9.987729929528649109e+01
9.987996151908015463e+01
9.985027055432128407e+01
9.981500706905920595e+01
9.972990289601401059e+01
9.974063141165760271e+01
9.983531075942596544e+01
9.979815767311932007e+01
1.002378887268300076e+02
1.001045405339818615e+02
1.001441671804580409e+02
9.986419242979391697e+01
9.996204806408695731e+01
1.015070779283213085e+02
9.995436849122631884e+01
9.985127183898023873e+01
9.981244643014335338e+01
1.009384046238880899e+02
1.003501369608080722e+02
1.001587944166692523e+02
1.011539119868978673e+02
9.987985822204832687e+01
9.979966154818546897e+01
1.083312145499710084e+02
9.965975837201060017e+01
9.979737681671619498e+01
1.039459912696126480e+02
9.997954409516788132e+01
9.973446059298225919e+01
9.973843740206454811e+01
9.984454477436705133e+01
9.984454477436705133e+01
9.980886854898400884e+01
9.975324972518464506e+01
9.975324972518464506e+01
9.977181553923723811e+01
9.987835821243596968e+01
1.013146010177400598e+02
1.026025641528812571e+02
9.975595107939132333e+01
9.980105589273327382e+01
9.993797210055026881e+01
9.964078432047486444e+01
1.026703690394053439e+02
1.001412309329368071e+02
1.006204889995291438e+02
1.012451016109308739e+02
1.012451016109308739e+02
1.145253348494560157e+02
1.021607306582253187e+02
1.021408501223610585e+02
1.018760394886286917e+02
1.045444616721557622e+02
1.049194338528535013e+02
1.051781878681932199e+02
1.050378142629540008e+02
1.021015905337069967e+02
1.017182702283011082e+02
1.030063153593682017e+02
1.042038926288610412e+02
1.036504217636713179e+02
1.049909305255609127e+02
1.043061647166350667e+02
1.136241292956918585e+02
1.029834214936029610e+02
1.024809610644280298e+02
1.013686076906269165e+02
1.014855228692189115e+02
1.012310513482964325e+02
1.013865300136576337e+02
1.083067394601141302e+02
1.018072003635068796e+02
1.042260398730833657e+02
1.001026950834008886e+02
9.977723608493585061e+01
1.002301700065745109e+02
1.001877069469832406e+02
9.970522422492841486e+01
9.987588314613995522e+01
1.020470909284080250e+02
9.972505953878329876e+01
1.007909538667461220e+02
1.012779652677688063e+02
1.001698597722889730e+02
1.004863801618600831e+02
1.029178353146662062e+02
1.012304570349000414e+02
9.983958448251196671e+01
1.040335254224681876e+02
9.980680460863018766e+01
9.988163358007734871e+01
9.984332831236874028e+01
1.003332577002543360e+02
9.974285845585087884e+01
9.974285845585087884e+01
9.985128831731856280e+01
9.985128831731856280e+01
1.005820847617986686e+02
1.015856525672424056e+02
1.005937228237515058e+02
1.011932704933869189e+02
1.005141374620985744e+02
1.005141374620985744e+02
1.005781826933101826e+02
1.006266379373048352e+02
1.004252863632044779e+02
1.004236916193527662e+02
1.007985103122661599e+02
1.003017681673628516e+02
1.023607532763748651e+02
1.015847639367430446e+02
1.015847639367430446e+02
1.014142814146723737e+02
1.000280555704975143e+02
1.013490431139667152e+02
9.974273265877596373e+01
1.007935889468562891e+02
1.007625022755728139e+02
1.025132250571371770e+02
1.032536577440465919e+02
1.013065485381426782e+02
1.054332204800160895e+02
1.066956545824247797e+02
1.009296277641510642e+02
1.024519737309051806e+02
9.988307040793338842e+01
1.002245366525482098e+02
9.981067871587363527e+01
1.001427035210535337e+02
1.001427035210535337e+02
1.001427035210535337e+02
1.004036436720679575e+02
1.004036436720679575e+02
9.983118609898251350e+01
1.013585067192847049e+02
1.038968852944831127e+02
1.007706891232873261e+02
1.007706591559060882e+02
9.975517855412988411e+01
9.975517855412988411e+01
1.001912578407937389e+02
1.007522568043209787e+02
1.009303495023599311e+02
9.979538494338750354e+01
1.004064520940694223e+02
1.004064520940694223e+02
1.004013914903801776e+02
9.983161458343687400e+01
1.017157539390827026e+02
1.030086717919661936e+02
9.986036129069121614e+01
9.986036129069121614e+01
9.986036129069121614e+01
1.028589385424244540e+02
1.028589385424260740e+02
1.000899204459238092e+02
1.020117525533732845e+02
1.012894733596787944e+02
9.986270549250561146e+01
9.966646696960805230e+01
9.985277625988348404e+01
9.990068339182511181e+01
9.979297658679486460e+01
9.966275959494115000e+01
1.000960070520401786e+02
9.970758035858575852e+01
9.990803894380810846e+01
1.000936720260288837e+02
9.989368309534442858e+01
9.963494984481627625e+01
9.990187292602932700e+01
1.037372690119138809e+02
1.007806179556816062e+02
1.006212431948781614e+02
1.002544848520332579e+02
1.002027201798097451e+02
9.974762028059889474e+01
1.002852895376562543e+02
1.002017586214046219e+02
9.996481026875585485e+01
1.005411804653209060e+02
9.966042449322576147e+01
1.001039595294876676e+02
9.972759984697255220e+01
9.971578987413829509e+01
1.002245712538037594e+02
1.002281857585432903e+02
1.001698597722889730e+02
1.010954910534711360e+02
1.001590625765259404e+02
9.993283735724004657e+01
1.000241344239479417e+02
9.999713523649889169e+01
9.978903291121731911e+01
9.999238521495773568e+01
1.016054870437665159e+02
1.003431120768165954e+02
9.993670517060608915e+01
9.985717740433987899e+01
1.010954910534711360e+02
9.979761910232764421e+01
1.001641671629108288e+02
9.999408448708429376e+01
1.015653685900592507e+02
9.983662321181773791e+01
9.980695782143915551e+01
1.000987966271216010e+02
1.002022005065001480e+02
1.033804925264376209e+02
1.038144633692322856e+02
1.032306439671725968e+02
1.074513332897056443e+02
9.971097619124697076e+01
9.967751909085524176e+01
1.007242975236163431e+02
1.072596497555531982e+02
1.001983725807745742e+02
1.029119723607905286e+02
1.001551929181037366e+02
9.972511333860735760e+01
9.967890870901820222e+01
9.970107819985734920e+01
9.985110085924385714e+01
9.986765561068585839e+01
9.984156108733419899e+01
1.000464539192444278e+02
9.965624991409680433e+01
9.991122786764219654e+01
9.976169798580336590e+01
9.965631345167547295e+01
9.984352187856386251e+01
9.981078428886998211e+01
1.005295080311835250e+02
9.973111752916614137e+01
1.001173046867042586e+02
1.041916096486188508e+02
1.078281786053160829e+02
1.062301036824671741e+02
1.063441587460008151e+02
9.971750682304845270e+01
1.029138401465912125e+02
1.037485674163777389e+02
1.000588972528849041e+02
9.998859241814500365e+01
9.968702220809126402e+01
9.988795837177640635e+01
9.988795837177640635e+01
9.983086520905433758e+01
9.969424885819667281e+01
9.970796501635065567e+01
9.976284771793774553e+01
9.965906270096081698e+01
9.965906270096081698e+01
9.985717740433987899e+01
1.001713175098562800e+02
9.979109562769403396e+01
1.001818735155242450e+02
9.977427337851756306e+01
9.980357992283487079e+01
1.000285440270528596e+02
9.986071689595681278e+01
1.020986583128303522e+02
9.973517726412171669e+01
9.981573847798163968e+01
9.981573847798163968e+01
9.981859757703199421e+01
9.981859757703199421e+01
9.981859757703199421e+01
9.978646212856970976e+01
9.978646212856970976e+01
9.965837942098684721e+01
1.005316118307282807e+02
9.975751839065084425e+01
9.972900302936201911e+01
9.975143304794839594e+01
9.976760955099156547e+01
1.005290912135353807e+02
1.010932266316147832e+02
9.974010125833008544e+01
9.997743689518497945e+01
1.000752782315555578e+02
9.982810659119071772e+01
9.992674770803176898e+01
9.971440812226798300e+01
9.971219323221336595e+01
9.975582169118303000e+01
9.975822527291728647e+01
9.981534730834343350e+01
9.981077801371496605e+01
1.001026661869357781e+02
9.978568967347293039e+01
9.967866159226534251e+01
9.965352285834732982e+01
9.984060970440533822e+01
9.972856850729692724e+01
9.972856850729692724e+01
9.974549858537116620e+01
9.967423670515267986e+01
9.965987684557352111e+01
9.965987684557352111e+01
9.973477476948315257e+01
9.989385990785301317e+01
1.003394634273150814e+02
1.020321897420608792e+02
9.979631306890384224e+01
9.984552398499114645e+01
1.021074559301247291e+02
9.968248626916853539e+01
9.977100431189593621e+01
9.987398137807170428e+01
9.970985286692464911e+01
9.967253009722328727e+01
9.967253009722328727e+01
9.967253009722328727e+01
9.970985286692464911e+01
9.975057562007229706e+01
9.973970911564248354e+01
9.973263977844591466e+01
9.966195404354175480e+01
9.968285851558340482e+01
9.968285851558340482e+01
9.968285851558340482e+01
9.999408448708429376e+01
9.970437068430008765e+01
9.962753358840008389e+01
9.964195088177139326e+01
9.969069795846199611e+01
1.006806993654018356e+02
9.988198192424107447e+01
9.976298587112360394e+01
9.979598016234263014e+01
1.004577438253618453e+02
9.986076048986475939e+01
9.980082127119844415e+01
9.980298656252865896e+01
1.001217225040910819e+02
9.979910639972464992e+01
9.970368298964282872e+01
9.970368298964282872e+01
9.970368298964282872e+01
9.970368298964282872e+01
9.970368298964282872e+01
9.998724960474341117e+01
1.000504142059916148e+02
1.000504142059916148e+02
1.000504142059916148e+02
9.974373567617239189e+01
9.986082550737793895e+01
9.981194775470648040e+01
9.981194775470648040e+01
9.981194775470648040e+01
1.001698597722889730e+02
9.976530080385933275e+01
9.976962462755228955e+01
9.976716684710940797e+01
1.001316094738286893e+02
9.971433608964632356e+01
9.974333391512972469e+01
9.987968190522443024e+01
1.000217330104699727e+02
9.967915310318160493e+01
9.964918107054683105e+01
9.972125471221890791e+01
9.972125471221890791e+01
9.972481594293451224e+01
9.975088220353650570e+01
9.968633235714760588e+01
9.969226868754196857e+01
9.963147291642263781e+01
9.963098677617719545e+01
9.963431672663448069e+01
9.994002816223105867e+01
1.008113947992552539e+02
9.980963348009061065e+01
1.001096046446340750e+02
9.976432788627006687e+01
9.983078099224479729e+01
9.973350824303231832e+01
1.000241344239452985e+02
1.003958624911971356e+02
9.969954327141931572e+01
9.981639418802323860e+01
9.994709882676677637e+01
9.982744889245367403e+01
9.992593208967812757e+01
9.976316348729565675e+01
1.001207753884801690e+02
9.988198192424107447e+01
1.004348710817864685e+02
9.982624929109452694e+01
9.982624929109452694e+01
9.982624929109452694e+01
1.001207753884801690e+02
9.994449011639665059e+01
9.996358013219595762e+01
9.996358013219595762e+01
9.985188156011302851e+01
1.009404002444794770e+02
9.986703350889159481e+01
9.972668388711653620e+01
9.976279455522461603e+01
9.976279455522461603e+01
9.976279455522461603e+01
9.997277778859108821e+01
1.020726216124317318e+02
1.020726216124317318e+02
1.020726216124317318e+02
1.106802177628886881e+02
1.008437413533017377e+02
1.012164174507067997e+02
1.082219089638031022e+02
1.014389561841596503e+02
1.012597415982046556e+02
1.020677979532040496e+02
1.113261440215469946e+02
1.018942540417524327e+02
1.018593006921808239e+02
1.037902599999256523e+02
1.037902599999256523e+02
9.984844779386595803e+01
9.984844779386595803e+01
1.002741697433159942e+02
1.000349410961107992e+02
9.975816522950829324e+01
9.968210357812651523e+01
9.983492804961827005e+01
1.000309378288002478e+02
1.044984699213262189e+02
1.000903977589921396e+02
1.001414143041017866e+02
1.005078996759204131e+02
1.006393183073199253e+02
1.006393183073199253e+02
1.006321995683577910e+02
1.005573222398483182e+02
1.017033475646892526e+02
1.026711465970254835e+02
1.014155753850103991e+02
1.000821354339151128e+02
1.000783239983891661e+02
1.039661312515219294e+02
1.076002782684881822e+02
1.001290375338089262e+02
9.998111772247868601e+01
1.015052622362408812e+02
1.001138016642422315e+02
9.994324138242241418e+01
1.017954087280858886e+02
1.009062056788515207e+02
1.024551443877230668e+02
1.003921084286123602e+02
1.004031719990461085e+02
1.006769972125374437e+02
1.006606239271983299e+02
1.006769972125374437e+02
1.004100146606818100e+02
1.032369271076702262e+02
1.002999529487373280e+02
1.016270481486349553e+02
1.001638729848917819e+02
1.005248543229683804e+02
1.006422017103313493e+02
9.993508416982221831e+01
9.980791548966288929e+01
9.973220018070169601e+01
9.969563491957073609e+01
9.982374174088970165e+01
9.968642354191550226e+01
9.999408448708429376e+01
1.020951044171824122e+02
1.001698597722889730e+02
9.971297365879965469e+01
9.976456028029744516e+01
1.117431469936395274e+02
9.967892977916638131e+01
1.000407678399940039e+02
9.974063685299013571e+01
1.034478908482527117e+02
1.105533638760793878e+02
1.072403478590166515e+02
1.035339567032011558e+02
1.002177239820152153e+02
1.005458250877231023e+02
1.066126201347641143e+02
1.000596425703303680e+02
1.002020462885511307e+02
1.005413833712890295e+02
1.001451632516481993e+02
1.001513454748681085e+02
1.001824603545869934e+02
1.001949554692960191e+02
1.012623880215084142e+02
1.002732579682220546e+02
1.020732813810494974e+02
1.015165923307924629e+02
1.001436492308044137e+02
1.000342560390248963e+02
1.119529241152202559e+02
1.052425570013618739e+02
1.050453424641836619e+02
1.042659998866175499e+02
1.050408020021912279e+02
1.004576848852681934e+02
1.004576848852681934e+02
9.995947705209164269e+01
9.988917228783846269e+01
9.968798306628609396e+01
9.970541572689812426e+01
1.058907348639220629e+02
1.022877200577172374e+02
1.037944558139018625e+02
9.984894944870094946e+01
9.985188156011302851e+01
1.001100176825693637e+02
9.980531484124774977e+01
9.976423210144412224e+01
1.002522901435063147e+02
1.030500229302037667e+02
1.031971285732932557e+02
9.980205824763299916e+01
9.999710959904507490e+01
9.986768544901622136e+01
1.002105652850280677e+02
9.970884820149137795e+01
9.970884820149137795e+01
9.970884820149137795e+01
9.974363457074613848e+01
1.004522632789218335e+02
1.001646567342002214e+02
9.973549849695648106e+01
9.987650288509375684e+01
9.984806915916341552e+01
9.975134687125047606e+01
9.975556877211189999e+01
9.976416608513967788e+01
9.963762638698901242e+01
9.963762638698901242e+01
9.979810545381812403e+01
1.000038014586167634e+02
1.003340448088008259e+02
1.003340448088008259e+02
9.971863354676811753e+01
9.971863354676811753e+01
9.971863354676811753e+01
1.001308205946046996e+02
9.968337693668193822e+01
9.982273052429594884e+01
9.983522005149593781e+01
9.976931772718110381e+01
9.976269893520135668e+01
1.001731046720004201e+02
9.999978964049165597e+01
1.000039406649491411e+02
9.989628215441665304e+01
9.964281696976672720e+01
1.026008076592811022e+02
9.978607323619311842e+01
1.000463160339592719e+02
1.000463160339592719e+02
1.000463160339592719e+02
1.001514138849279192e+02
9.977580049142822816e+01
9.977580049142822816e+01
9.977580049142822816e+01
9.977323325615569161e+01
9.984326057512920727e+01
1.005804197959459714e+02
1.000181855245276523e+02
9.978223112099800574e+01
9.976344320025012280e+01
1.008169453235860118e+02
1.010147524052305101e+02
1.016354560963485056e+02
1.011768317036117537e+02
1.011729876937101409e+02
1.017084783896815310e+02
1.012168943360660336e+02
1.017084145877637127e+02
1.008066656331352249e+02
1.008049683734600279e+02
9.965639152616046204e+01
9.981887131933952162e+01
9.974518560212882790e+01
9.981487306930212355e+01
9.972925212266375183e+01
9.964180469816280095e+01
9.964180469816280095e+01
9.962680811019509974e+01
9.974632400932081566e+01
9.985486272608142144e+01
9.969008010381676854e+01
9.982114002459192648e+01
1.000684919526754726e+02
1.001481842316878925e+02
1.001246284013444807e+02
1.007838188018794341e+02
9.993803381754439386e+01
9.976244083880781943e+01
1.000777632080753108e+02
1.000694390777944420e+02
9.973606556702188186e+01
1.000077959115573663e+02
9.989404174596857899e+01
1.000647018668837092e+02
9.996696480674364693e+01
9.974845880642727991e+01
9.967731794298120462e+01
9.985027055432128407e+01
9.977176535121773782e+01
9.981200581558802298e+01
9.987904561606478637e+01
9.967393512382501797e+01
9.971625666103511776e+01
9.971487272627203424e+01
9.989204130923450009e+01
1.003047405573988300e+02
1.027524663208658922e+02
1.038507538383165354e+02
1.004672606325131454e+02
1.006539397942957947e+02
1.000643562154937456e+02
1.007258868468481978e+02
1.012587182625528754e+02
9.965396286032564888e+01
1.003343997044249392e+02
9.964347882499203024e+01
9.964347882499203024e+01
9.964347882499203024e+01
9.964347882499203024e+01
9.964347882499203024e+01
9.965736938035408343e+01
9.971949138980679095e+01
9.971949138980679095e+01
9.967780799001305070e+01
9.968853926261114395e+01
9.979493870774838626e+01
9.977278140180190746e+01
9.992124371339454569e+01
9.992124371339454569e+01
9.970242741904650075e+01
1.012623880215084142e+02
1.069742851211761661e+02
1.025688979117013417e+02
9.984551500329936857e+01
9.975134687125047606e+01
9.982008628663558625e+01
9.993225096733850421e+01
9.980847045584097543e+01
1.000904702810542943e+02
9.994488683943161789e+01
9.972381044076882972e+01
9.975303629071684952e+01
1.041486337671255455e+02
9.966796964636606049e+01
9.966796964636606049e+01
9.979541871179966961e+01
9.974843248249067074e+01
1.042040934671123011e+02
9.967782438281511759e+01
9.975850425550197542e+01
9.967698126265260328e+01
1.001555537120240587e+02
9.974555387328089751e+01
9.980343748571748108e+01
9.965507940776136309e+01
9.977606176404260907e+01
9.970295388673054049e+01
9.999367875274143103e+01
9.972947190689002639e+01
9.970522422492841486e+01
9.999851975308543217e+01
1.160310392219942912e+02
1.010645828156013124e+02
1.002308260753571574e+02
1.007996808840787963e+02
9.980531484124774977e+01
1.000795870243679531e+02
9.972786109410387212e+01
9.982200984603468896e+01
1.005012783152751723e+02
9.978990649821956538e+01
9.975512673648482576e+01
1.019742004878032304e+02
9.998788461188078713e+01
1.008693409893150772e+02
9.974775246519472205e+01
9.976192696959543582e+01
9.978732753693206803e+01
9.977044355424573041e+01
1.000526139298128356e+02
9.968214316247578211e+01
9.982552195035842146e+01
9.977253357781101784e+01
9.962681491830956304e+01
9.963762638698901242e+01
1.000694104119137222e+02
1.000694104119137222e+02
9.976256534734058334e+01
9.982699444460654092e+01
9.966981915341347076e+01
1.005521832258987018e+02
9.973728553064503899e+01
9.973818439847234174e+01
9.973818439847234174e+01
9.973818439847234174e+01
9.974010125833008544e+01
9.981362324126988028e+01
9.977400936873024762e+01
9.977400936873024762e+01
9.969832490308250783e+01
9.983369031608683031e+01
9.968633235714760588e+01
9.970063836332347762e+01
9.970063836332347762e+01
9.987725664818579219e+01
9.970552995140671726e+01
9.965656358827875749e+01
9.963552874992211628e+01
9.963552874992211628e+01
9.963552874992211628e+01
9.971759844827727193e+01
9.969239824872610711e+01
1.007358098917388673e+02
9.967253009722328727e+01
9.970985286692464911e+01
9.967253009722328727e+01
9.967253009722328727e+01
9.979798182382381810e+01
9.993225096733850421e+01
9.968285851558340482e+01
9.972200050738518939e+01
9.974632400932081566e+01
9.970437068430008765e+01
1.003986415789720752e+02
9.965718993988740237e+01
9.979879190698066793e+01
9.979879190698066793e+01
9.986457766764037558e+01
9.963904349721177311e+01
1.001054936923361964e+02
9.971091546406789519e+01
9.971091546406789519e+01
9.986515201369303441e+01
9.996875204295324124e+01
9.996875204295324124e+01
1.009143956924430938e+02
1.009143956924430938e+02
9.981065223879859616e+01
1.001669486360706003e+02
9.977384805073897667e+01
1.020646746219778294e+02
1.024684615558289096e+02
1.023470668932708065e+02
1.020554928017712371e+02
9.980442640726062109e+01
9.980442640726062109e+01
9.998757503766621824e+01
9.993092765001807720e+01
9.982552195035842146e+01
1.001829362225847717e+02
9.979895523198251794e+01
9.964537344932786311e+01
9.969323717863655077e+01
9.970002292831961199e+01
9.972356661302053737e+01
9.967869165467506321e+01
9.963169494864861520e+01
9.974135127197359907e+01
9.978755722861058075e+01
9.978755722861058075e+01
9.978755722861058075e+01
1.000577412698573596e+02
9.975738389580162391e+01
9.979120318006076218e+01
9.975354339392691827e+01
1.002559959369876310e+02
1.005760521517462109e+02
1.000330645247044572e+02
1.000213803854717298e+02
9.979879190698066793e+01
9.991056109074955316e+01
9.962459263097090911e+01
1.001606128282811596e+02
9.976764050803616612e+01
9.966635647905296480e+01
9.976770005981059342e+01
9.974609789836142681e+01
9.974609789836230789e+01
9.968357258528068598e+01
9.963137242715620800e+01
9.979070457393555671e+01
9.979070457393555671e+01
9.979070457393555671e+01
9.978017840778923642e+01
9.978017840778923642e+01
9.978017840778923642e+01
9.968564933273583506e+01
9.966275527367312748e+01
9.966275527367312748e+01
1.015560492057521031e+02
9.965621341403374345e+01
9.984715652653170537e+01
9.974263248311895325e+01
1.003723296761798167e+02
9.990273088087313624e+01
9.976403337814892325e+01
9.971609169774558268e+01
9.987611932938148129e+01
9.973421791458046926e+01
9.973421791458046926e+01
9.973421791458046926e+01
1.010191268633859920e+02
1.019087736885100099e+02
1.010228790784106820e+02
9.974456637523854852e+01
9.974456637523854852e+01
9.976761884082247889e+01
1.006401430511649409e+02
9.997358498928244330e+01
9.975845306328078266e+01
9.990491350900531131e+01
9.978276793526730160e+01
9.980130329339560546e+01
1.008028322805906214e+02
9.999598415275376340e+01
1.006199068989720615e+02
1.000827342272171592e+02
1.002506517958458545e+02
9.975274132634253021e+01
9.975274132634253021e+01
9.975274132634253021e+01
9.966348567366733846e+01
9.974458137264335278e+01
9.974458137264335278e+01
9.975224509816381158e+01
9.974041327243909905e+01
9.983420778317878330e+01
9.989294485414551161e+01
1.000390658818829195e+02
1.000390658818829195e+02
1.016258397440606132e+02
1.016663040346149245e+02
9.973156933293964244e+01
9.963138110632603173e+01
1.005613898602407943e+02
1.020860104232536401e+02
1.034003161343006099e+02
1.004762305194436323e+02
1.034728585432335706e+02
1.006120917078901584e+02
1.008161507061705464e+02
1.018836982756695306e+02
1.018836982756695306e+02
1.076615668944678106e+02
9.968484052569159815e+01
9.968484052569159815e+01
9.968484052569159815e+01
9.964997395967898797e+01
1.019311169815560731e+02
9.980782325718710979e+01
9.980782325718710979e+01
9.978878102603015066e+01
9.978878102603015066e+01
1.007405311445521363e+02
1.014427061394708716e+02
9.974208768503197575e+01
9.974208768503197575e+01
9.974208768503197575e+01
9.970721699243578939e+01
1.014043280217754130e+02
1.014247468332157212e+02
9.998914211969628241e+01
1.011516796235420372e+02
1.015382935721845570e+02
1.015298239301612142e+02
9.978953545115142276e+01
9.978953545115142276e+01
9.966330392455461151e+01
9.966330392455461151e+01
9.966330392455461151e+01
1.013512005195515542e+02
1.013512005195515542e+02
1.013512005195515542e+02
1.004448996898497342e+02
1.142329539244464343e+02
1.057832788357887068e+02
1.001761240957333570e+02
1.007662209691840900e+02
9.969979708733757207e+01
1.004181624732736680e+02
9.986754143105609671e+01
1.002655464376331906e+02
9.981000070315224093e+01
9.975303629071684952e+01
9.975959659607089236e+01
9.976686021704298923e+01
1.000853215820514066e+02
1.005277325404612867e+02
9.976337757248937521e+01
1.004744965907916452e+02
1.000880243443375406e+02
9.982480982742831088e+01
9.971136252759933427e+01
1.081083449757448278e+02
1.007498604417536257e+02
1.001630111457241270e+02
1.012526233281972452e+02
1.071384888159854682e+02
1.048085711585720645e+02
1.103442304822395101e+02
1.165693790692340457e+02
1.153634250118844307e+02
1.032755427293618311e+02
1.010162183386155306e+02
1.050363439097887976e+02
1.070743755994574258e+02
1.060198012746566860e+02
1.168011599228837980e+02
1.098247587916976329e+02
1.023094458412124226e+02
1.017109014855675326e+02
1.015903860499551854e+02
1.031632598952113682e+02
1.017241855711123293e+02
1.020671983466723276e+02
1.020671983466723276e+02
1.017005610441134422e+02
1.051093710713699068e+02
1.147360534869409321e+02
9.976224515578850571e+01
9.993619252803777897e+01
1.020161349807625157e+02
1.088436318057098617e+02
1.035843831441030005e+02
1.039940718867904650e+02
1.098726711968133998e+02
1.026923753340570045e+02
1.079655777004413721e+02
9.970431678503794615e+01
1.000818262263194498e+02
9.976030030859114106e+01
9.976030030859114106e+01
9.964208135713657555e+01
9.983854748599648588e+01
1.041470673031351879e+02
1.001174404998456708e+02
9.969222812210618656e+01
9.969222812210618656e+01
9.991612926040933473e+01
9.976428134019816696e+01
9.984138393217601504e+01
1.040589825054540398e+02
9.974349540004395465e+01
9.974053750840400312e+01
9.974053750840400312e+01
9.974053750840400312e+01
9.976071652413037327e+01
9.976071652413037327e+01
9.976071652413037327e+01
9.991499968818104094e+01
9.975931546450757992e+01
9.967671268591971057e+01
9.963193772687695571e+01
9.963193772687695571e+01
9.963193772687695571e+01
9.987845868303206487e+01
9.973629604299728157e+01
9.980383445721804492e+01
9.979541871179966961e+01
9.975641029702003948e+01
1.001566605630463158e+02
1.001669486360706003e+02
1.001650872177929728e+02
9.997868191218219636e+01
1.001435011411208507e+02
1.003047405573988300e+02
9.984572771892570131e+01
9.969273967975064465e+01
9.969273967975064465e+01
1.041740946338857299e+02
1.040604673620885308e+02
1.040968878754222544e+02
1.068745318235304893e+02
1.046492477555161571e+02
1.036223155004659020e+02
1.025896149134523512e+02
1.083950130093101336e+02
1.012831181634455646e+02
1.021551691144248508e+02
1.025478657566962539e+02
1.023644262361340367e+02
1.011061512899261317e+02
1.026720916689037466e+02
1.027251877528869244e+02
1.022047683341045712e+02
1.010151340543319947e+02
9.979733752980973804e+01
9.970887818306697170e+01
9.970721289215802585e+01
9.970721289215802585e+01
9.970721289215802585e+01
9.970721289215802585e+01
9.982053584915355771e+01
9.976729010270176445e+01
9.976729010270176445e+01
9.976729010270176445e+01
9.983011312730658915e+01
1.002208527471914294e+02
1.000586962910108042e+02
1.021479441656103972e+02
1.020837554916224406e+02
1.016353416060676693e+02
1.020952259465982621e+02
1.023961907491906516e+02
1.019019369068370082e+02
1.094553565343633466e+02
1.038194333837804066e+02
1.042783417728304585e+02
1.017790092035239979e+02
1.032337262141085859e+02
9.989870929049834558e+01
9.981282544191928707e+01
1.005874668558829370e+02
1.003572001656285977e+02
9.982318904082551114e+01
1.050589016185496121e+02
9.974416968962752605e+01
1.063936134743907900e+02
1.018641766757260854e+02
9.967844411815111982e+01
9.983394590151141301e+01
9.970911446773871489e+01
9.981825150218922715e+01
1.024021320583441081e+02
1.043736167848386458e+02
1.004798852842417460e+02
1.004981876653721429e+02
1.004619755823991341e+02
9.971773593987461481e+01
9.971773593987461481e+01
9.971773593987461481e+01
9.971773593987461481e+01
9.992405714291969332e+01
9.988505325526884349e+01
9.969811145910067296e+01
9.969889974502649466e+01
9.981904418126811152e+01
1.023771561978839486e+02
9.974429681925319358e+01
9.973963077305371883e+01
9.973963077305371883e+01
9.981521576941729279e+01
1.126575314706911541e+02
9.976545459641666014e+01
9.976545459641666014e+01
9.972496188720191412e+01
9.972496188720191412e+01
9.972702804379849795e+01
9.969603007484597867e+01
9.969603007484597867e+01
9.969603007484597867e+01
9.988069504505372720e+01
9.988069504505372720e+01
9.985567939855387465e+01
9.977147017566902321e+01
9.976402986043993337e+01
9.976402986043993337e+01
9.976402986043993337e+01
9.976402986043993337e+01
9.976402986043993337e+01
9.977147017566902321e+01
9.970295388673054049e+01
9.970041337644057933e+01
9.980968870304793938e+01
9.974555387328089751e+01
9.974724073223983112e+01
9.991289196388285632e+01
9.994062635861294552e+01
1.013734609509486262e+02
1.003791209204332375e+02
9.998757503766621824e+01
9.994939224263866606e+01
9.982557167317432345e+01
1.003047405573988300e+02
1.000361166488460185e+02
1.007309717383630101e+02
1.012623880215084142e+02
9.972728880960238484e+01
1.001669486360706003e+02
9.979541871179966961e+01
1.011396265602801634e+02
9.994256659701579792e+01
9.977515804906367691e+01
9.977515804906367691e+01
9.984500593286968240e+01
9.986730676412626906e+01
9.971887595016485761e+01
1.019099938226996898e+02
1.087011801461925842e+02
1.003634172860672322e+02
1.006460286144846350e+02
1.036031762630134523e+02
1.012514275871652529e+02
1.013339324758508866e+02
1.008479226936726576e+02
1.008479226936726576e+02
1.008479226936726576e+02
1.002686210401467406e+02
1.002686210401484885e+02
1.000234524830902956e+02
9.993241280532537019e+01
9.991501041376810122e+01
9.980698195872479062e+01
1.004088384199561972e+02
9.998042068220699718e+01
1.000775758865262333e+02
1.000775758865262333e+02
1.014346240761170606e+02
9.980177030496426482e+01
1.000460629696142973e+02
1.000546350988960853e+02
1.000546350988960853e+02
1.001998774107217258e+02
1.026460677815288989e+02
1.026752591451082424e+02
1.005634091020069292e+02
9.992899586581235383e+01
1.033653251143448557e+02
1.004495590763571613e+02
1.018845755855511328e+02
9.972947385476257409e+01
9.980108655864371769e+01
1.001451325023412267e+02
9.971874212064535925e+01
9.983019993620801813e+01
9.977739329555346615e+01
1.007291821715825790e+02
1.026464298090797485e+02
1.018201122395817464e+02
1.016453913959230420e+02
1.016453913959247330e+02
1.037266305974770120e+02
1.016628538551863272e+02
1.018772544471361243e+02
1.021108132684499168e+02
1.041534733427365467e+02
1.012621623295385263e+02
1.012621623295385263e+02
1.012621623295385263e+02
1.012519583955872235e+02
1.068483141278613573e+02
1.026548558317014681e+02
1.009720672947420468e+02
1.026293340648660291e+02
1.020593605044133625e+02
1.112499413830889239e+02
1.018554494280836593e+02
1.030411793990406579e+02
1.010821618272885729e+02
1.010821618272885729e+02
1.010821618272885729e+02
1.022305287726915282e+02
1.022305287726915282e+02
1.013054938838297403e+02
1.012519583955872235e+02
1.016739911943175798e+02
1.017905457055777987e+02
1.024347460936448471e+02
1.024347460936448471e+02
1.013630587358764501e+02
1.013630587358764501e+02
1.013630587358764501e+02
1.032831617430384910e+02
1.143964465487343034e+02
1.030120429820610468e+02
1.013193726299349606e+02
1.013054938838297403e+02
1.015314235346749570e+02
1.015119953910738673e+02
1.010059410471852459e+02
1.013571814324617861e+02
1.018239171040963953e+02
1.022305287726915282e+02
9.966295378701109087e+01
1.000389813538601658e+02
1.007373837652242941e+02
1.008558765472611469e+02
9.965718993988740237e+01
9.966738172652654271e+01
1.003361972373023292e+02
9.964854191208262080e+01
1.000365291371184071e+02
9.974632400932081566e+01
9.970981864564446084e+01
1.000777632080753108e+02
1.001766830890905737e+02
9.968188483307784509e+01
9.970542854719893455e+01
9.991962649783584993e+01
1.001735921649989507e+02
1.005345655112524241e+02
9.974724073223983112e+01
9.966330185387140261e+01
9.972265809478697918e+01
9.980087460368808649e+01
9.977044355424573041e+01
9.967228015937664054e+01
9.979798182382381810e+01
1.001345362310289460e+02
9.969832490308250783e+01
9.984069533474715286e+01
1.023583565907653394e+02
9.969660442752561380e+01
9.967702711765730328e+01
9.967702711765730328e+01
9.967702711765730328e+01
1.000609773680617423e+02
9.974171391328242464e+01
1.000455042071428977e+02
9.990833051000487330e+01
9.969832490308250783e+01
9.980868876514337273e+01
9.979798182382381810e+01
1.001735921649989507e+02
1.000001890508862630e+02
9.974785335493851335e+01
9.967422880485499093e+01
9.974632400932081566e+01
1.004660383993142005e+02
1.024534400304470694e+02
9.975952592954217835e+01
9.964245706158075677e+01
9.976594363992614944e+01
9.991883017674652478e+01
9.981213319074220180e+01
9.976407368125106245e+01
9.966672725958605383e+01
1.008996288568140329e+02
9.995641417792984385e+01
9.971902474744211986e+01
9.971902474744211986e+01
9.970258285725664393e+01
9.974253237294301755e+01
9.983253316707218517e+01
9.979895534542542634e+01
9.979399718797550634e+01
1.008302245730488522e+02
9.969832490308250783e+01
9.978934895998136767e+01
1.000777632080744297e+02
1.000778792665538219e+02
1.001315048533444525e+02
9.971724924424108849e+01
9.977005142652629388e+01
9.965333507793341994e+01
9.971188588061234270e+01
9.982505489160912759e+01
9.966273777740535422e+01
9.981194775470648040e+01
1.001165744455451261e+02
1.002964585628207459e+02
9.969667225204898386e+01
9.972331912798935605e+01
9.966690140625973982e+01
1.000379089815027669e+02
9.975468756903394763e+01
9.963486920714817074e+01
9.963486920714817074e+01
9.963486920714817074e+01
1.002467325267797662e+02
9.974724073223983112e+01
9.966192635637744957e+01
1.004669930307342298e+02
9.969921029017693570e+01
9.969921029017693570e+01
9.974498278392823636e+01
9.970570373900271477e+01
9.970570373900271477e+01
1.000893567176749599e+02
9.979568093347590718e+01
9.979568093347590718e+01
9.965654218683698673e+01
9.981239032603872374e+01
9.977738271408476578e+01
1.000140933628457702e+02
9.980137620184872560e+01
1.018090690815965189e+02
9.976190113453530728e+01
9.976190113453530728e+01
1.001190163682847327e+02
9.973907621799233425e+01
9.996464320715681140e+01
9.996464320715681140e+01
9.975877684226651354e+01
9.968082448572850751e+01
9.982699444460654092e+01
9.971609431692724002e+01
9.971609431692724002e+01
9.971609431692724002e+01
9.982995547967776417e+01
9.965718993988562602e+01
9.969117713208187581e+01
9.971036477947419030e+01
9.978047959861171989e+01
9.980436547247521162e+01
9.976247026962596465e+01
1.016699119065044385e+02
9.976180478757873971e+01
9.987116086120259695e+01
1.005131312543745139e+02
1.041363318489107996e+02
1.012150272169568410e+02
9.968210357812651523e+01
9.968210357812651523e+01
9.977242091817885239e+01
1.003272246529613057e+02
1.004621883366468751e+02
1.004852020307896510e+02
1.056691791564696103e+02
1.078068346014875800e+02
1.000929924595851475e+02
9.976764211140579164e+01
9.970570373900271477e+01
9.970570373900271477e+01
1.003309758868225856e+02
1.001739157601265333e+02
9.998395555321999950e+01
9.980748308725344486e+01
1.005111617277056695e+02
1.002911003991204950e+02
9.972900302936201911e+01
1.016912308441173565e+02
1.051395839096034734e+02
9.996581396134736508e+01
1.001523044604892334e+02
1.002321965003777393e+02
9.967768636455608089e+01
9.976466806226868300e+01
9.976466806226868300e+01
9.976466806226868300e+01
9.992743832194126696e+01
9.975023306585683258e+01
1.000100104249733022e+02
9.983421151118599823e+01
9.970884820149137795e+01
9.970884820149137795e+01
9.979283493641986524e+01
9.979283493641986524e+01
9.979283493641986524e+01
9.977436644230647289e+01
9.977436644230647289e+01
1.002902030947084029e+02
1.002902030947084029e+02
9.997316150248941824e+01
9.997316150248941824e+01
1.000172819901712273e+02
1.000172819901712273e+02
1.000694104119137222e+02
1.000860511794602985e+02
9.968851308308198611e+01
9.983445426000517386e+01
9.976407368124927189e+01
9.965323759328555298e+01
1.001604221790685756e+02
9.973439827558649995e+01
9.977351371766479815e+01
9.971758679436595685e+01
1.002419934836460556e+02
9.974493733501093118e+01
9.969428545408543130e+01
9.988068462344566001e+01
1.003833550597622235e+02
9.972245054125905028e+01
9.972245054125905028e+01
9.983172176538519693e+01
9.972572726683472411e+01
9.973009099911720909e+01
9.977376933726199582e+01
9.979405030728609916e+01
9.974435847456578585e+01
9.970765250184719264e+01
9.970765250184719264e+01
1.155054654625801049e+02
9.977657841454231402e+01
9.977657841454231402e+01
9.999621834681660459e+01
9.975147036011536272e+01
9.978022991105420658e+01
1.005163436747419183e+02
1.045093924225234332e+02
1.009001748387800745e+02
9.986768544901622136e+01
9.986768544901622136e+01
9.987895109358181855e+01
9.987650288509375684e+01
1.003341757186621379e+02
9.986268127818821938e+01
9.984684351180671058e+01
9.984684351180671058e+01
9.981561450794895052e+01
9.997695724672828987e+01
9.997358498928244330e+01
9.977291305774090802e+01
9.980039245992240637e+01
9.978579889972172623e+01
1.002105652850280677e+02
9.977672154690711182e+01
9.977672154690711182e+01
9.977672154690711182e+01
9.992943153765621389e+01
9.963542401190834141e+01
1.003268246568860889e+02
9.977445282258062775e+01
9.988805529661331661e+01
9.979895523198251794e+01
9.976244627938706344e+01
9.973695381197512688e+01
1.005824328166423385e+02
1.068323451735220999e+02
9.978988180376930472e+01
1.001212789193397441e+02
1.000351046510784840e+02
1.000351046510784840e+02
1.000351046510784840e+02
9.978328343224957564e+01
9.972771354852763181e+01
9.975205120372451972e+01
9.975205120372451972e+01
9.975205120372451972e+01
1.005563825556903339e+02
1.005563825556903339e+02
9.978148231160906789e+01
9.970194360380475018e+01
9.976246241385770475e+01
9.977141950640448442e+01
9.973041377167093913e+01
9.972086767492031356e+01
9.972086767492031356e+01
9.968205321444280287e+01
1.003279517374963064e+02
1.001880718795978140e+02
1.000239701451901198e+02
9.997598391208680368e+01
1.004728377760230273e+02
1.004728377760230273e+02
1.004728377760230273e+02
1.004728377760230273e+02
1.004728377760230273e+02
1.004157212902435248e+02
1.004157212902435248e+02
1.004157212902435248e+02
1.004157212902435248e+02
1.004157212902435248e+02
1.004157212902435248e+02
9.973477112666847688e+01
9.970500382408197027e+01
9.980935748900297710e+01
9.980935748900297710e+01
9.977580049142822816e+01
9.977580049142822816e+01
9.977580049142822816e+01
9.977323325615569161e+01
9.997596494599513051e+01
1.000697842078252222e+02
1.000697842078252222e+02
1.000697842078252222e+02
9.977184663773927298e+01
9.980166436450275569e+01
9.978358930675936733e+01
9.978358930675936733e+01
9.978358930675936733e+01
9.972681424736586564e+01
9.967201277810100635e+01
9.966564397863066915e+01
1.003455377301038993e+02
1.003455377301038993e+02
1.003455377301038993e+02
9.972504065357777847e+01
9.975305305716720738e+01
1.040816354854990067e+02
9.981221078824333404e+01
9.976248716114629644e+01
1.037500550470883240e+02
9.980439914892818365e+01
9.980439914892818365e+01
9.980439914892818365e+01
1.032365261222583825e+02
9.978415666338196388e+01
9.971794478807463236e+01
9.997303911922220720e+01
9.997303911922220720e+01
9.997303911922220720e+01
1.014353213800381042e+02
1.008511738170923167e+02
1.008066656331352249e+02
1.008049683734600279e+02
9.991360765907877806e+01
1.000346754549665036e+02
9.975065159369189871e+01
9.980329044759307067e+01
9.991619993233550190e+01
9.994709882676677637e+01
9.992136439879733700e+01
1.003958624911971356e+02
9.991908055937426525e+01
9.991908055937426525e+01
9.968682188646609177e+01
9.968682188646609177e+01
9.969954327141931572e+01
9.968855900203847398e+01
9.966635647905206952e+01
1.000234089527169772e+02
1.000234089527169772e+02
1.008256396462239479e+02
9.981709525137043215e+01
9.981709525137043215e+01
9.981639418802323860e+01
9.969832490308250783e+01
9.983076177453592948e+01
9.973374574184299490e+01
9.973374574184299490e+01
9.985265869958978158e+01
9.985265869958978158e+01
9.992244422167158291e+01
9.992980366358123945e+01
9.987490383298303698e+01
1.001119091752945991e+02
9.965522153776964842e+01
9.965522153776964842e+01
1.002150350801079099e+02
1.002150350801079099e+02
1.002150350801079099e+02
9.981951606158111190e+01
9.982733044236547926e+01
9.983393866221599922e+01
9.982819521277282604e+01
9.981231154771977288e+01
9.974400134735562062e+01
1.003897223283247939e+02
1.001837107066142352e+02
9.972212332848393146e+01
1.001345362310289460e+02
1.003097788557852823e+02
1.002945181818940625e+02
9.980424307805800765e+01
1.000196715164940287e+02
1.002003535772861653e+02
9.991265208618960969e+01
1.002504498932600399e+02
1.006723277900601232e+02
1.001005628813156250e+02
9.993803381754352699e+01
9.988979527346319287e+01
9.988979527346319287e+01
1.000694390777944420e+02
1.000301820944457774e+02
9.976901523955461926e+01
1.000778792665538219e+02
9.976106857677697803e+01
9.996696480674452800e+01
9.992591060561086636e+01
9.968338497773248719e+01
9.976423645975938825e+01
9.967515445840014365e+01
9.976798248580449524e+01
9.981376987196397010e+01
9.987139711236906692e+01
9.986659806567251962e+01
9.986659806567251962e+01
9.986659806567251962e+01
9.986659806567251962e+01
9.986659806567251962e+01
9.976199649615308829e+01
9.976199649615308829e+01
9.972933928899705336e+01
9.972168692730195971e+01
9.970450563465271898e+01
9.988993010998571265e+01
9.988993010998571265e+01
1.018692035819564694e+02
9.994582545762995096e+01
9.976214552822150949e+01
9.986681094184000074e+01
9.981370932948026109e+01
9.985571489206488138e+01
9.984434849006788681e+01
9.982081166773565428e+01
9.982081166773565428e+01
9.987604326940230237e+01
9.987604326940230237e+01
1.007349459888327488e+02
9.965624991409680433e+01
9.982635219356747314e+01
1.000016261913425097e+02
1.000016261913425097e+02
1.000016261913425097e+02
1.001669486360706003e+02
1.027524663208642579e+02
1.008276968521469712e+02
1.001572678834176600e+02
9.968148595204557694e+01
9.968148595204557694e+01
9.968148595204557694e+01
9.966509038702099588e+01
1.033612917351620126e+02
1.033612917351620126e+02
9.970565217424751836e+01
9.973428667569940842e+01
9.973428667569851314e+01
1.018031068753578694e+02
1.002546869138779329e+02
1.037403238717517411e+02
1.039447643811943038e+02
1.006615014395779752e+02
1.054862826227296893e+02
1.000549574420273586e+02
9.971493921538269944e+01
9.983041909369894995e+01
9.969640134182161262e+01
9.973078411742584137e+01
9.963659745453881555e+01
1.001189999927003953e+02
1.004414806309058861e+02
9.974775246519472205e+01
9.969009570919908469e+01
9.973662412453340664e+01
9.982699444460654092e+01
9.984685416113237011e+01
9.987891099295508468e+01
9.987891099295420361e+01
9.981358806779388715e+01
1.001767750848581500e+02
9.976132139464310455e+01
9.991400662725980908e+01
9.967691217578843066e+01
1.057109733453234952e+02
9.978058201840551078e+01
9.967698126265260328e+01
9.967698126265260328e+01
9.967698126265260328e+01
9.974555387328089751e+01
9.965507940776136309e+01
9.965507940776136309e+01
9.965507940776136309e+01
9.965398029294311755e+01
9.965455894132897186e+01
9.965455894132897186e+01
9.965455894132897186e+01
9.965455894132897186e+01
9.965398029294311755e+01
9.965455894132897186e+01
9.965455894132897186e+01
9.965455894132897186e+01
9.965455894132897186e+01
9.965398029294311755e+01
1.000001890508862630e+02
9.979660529593070351e+01
9.979660529593070351e+01
9.979660529593070351e+01
9.979660529593070351e+01
9.969640134182161262e+01
9.970215163620815702e+01
9.962726362022389992e+01
9.969513183314938942e+01
1.027382875197670131e+02
9.976499794891385875e+01
9.972355790090624339e+01
9.970004632182241266e+01
9.970004632182241266e+01
9.976030030859114106e+01
9.976421774271346976e+01
9.964537344932786311e+01
9.964537344932786311e+01
9.969323717863655077e+01
9.970002292831961199e+01
9.984000462722812586e+01
9.974053750840400312e+01
9.972356661302053737e+01
9.973764137828158027e+01
9.973764137828158027e+01
9.972356661302053737e+01
9.975581253372659774e+01
1.000821979564495763e+02
9.968418859024717449e+01
9.968418859024717449e+01
9.968418859024717449e+01
9.963169494864861520e+01
9.963169494864861520e+01
9.963115058048643391e+01
9.963115058048643391e+01
9.963115058048643391e+01
9.963115058048643391e+01
9.963115058048643391e+01
9.963115058048643391e+01
9.963169494864861520e+01
9.963169494864861520e+01
9.985819939569660164e+01
9.968979231931410823e+01
9.968979231931410823e+01
1.035450655933538968e+02
1.024638976012020066e+02
9.992595229819134772e+01
9.981349847519436480e+01
1.022136569135012252e+02
1.004312032089816569e+02
1.001566490022897113e+02
1.001566490022897113e+02
9.978690432967410118e+01
1.013004884549220890e+02
1.000113733029270691e+02
9.997875898198903144e+01
9.997875898198816458e+01
9.966338229638502355e+01
9.965774687990541736e+01
9.965774687990541736e+01
9.968492316856240620e+01
9.981208897734047980e+01
9.981208897734047980e+01
9.981208897734047980e+01
9.981208897734047980e+01
1.026525857805718545e+02
1.026525857805718545e+02
9.993309914104409586e+01
9.966672725958962076e+01
1.006345315129871523e+02
1.004933230469116126e+02
9.965718993988740237e+01
9.980539417064451868e+01
9.980539417064451868e+01
9.993626807105886201e+01
9.993626807105886201e+01
9.980122359875895199e+01
9.964245706158075677e+01
9.970655063215286873e+01
9.980752061248207951e+01
9.980752061248207951e+01
9.980752061248207951e+01
1.003911633382743673e+02
9.976678162420878948e+01
9.990660297629055719e+01
9.974442198515424707e+01
9.974442198515424707e+01
9.974442198515424707e+01
9.964133266313184834e+01
9.964133266313184834e+01
9.970437068430008765e+01
9.976764211140579164e+01
9.976784937570614886e+01
1.005588234072004354e+02
9.966336389216587577e+01
9.971675637573913775e+01
9.965560585541641103e+01
9.973202983286257961e+01
9.973202983286257961e+01
1.001648193440561130e+02
9.990033094129984192e+01
1.003146068361628949e+02
1.025069622163361629e+02
1.005394957766875876e+02
9.985962854203484085e+01
9.978985877197334275e+01
9.980442640726062109e+01
9.980442640726062109e+01
9.980442640726062109e+01
9.998757503766621824e+01
9.984745478799318619e+01
9.979492776421443523e+01
1.019578287193327242e+02
1.027901653152716506e+02
1.021278076999362412e+02
1.021446888407409261e+02
9.966796964636606049e+01
9.966796964636606049e+01
9.966796964636606049e+01
9.979541871179966961e+01
9.974843248249067074e+01
9.971442885888407659e+01
9.972024305917614129e+01
9.980255382202555836e+01
9.977741689735131558e+01
9.993626807105796672e+01
9.993626807105886201e+01
9.993626807105886201e+01
9.986937473891231321e+01
9.990125480987657625e+01
1.005619627839015777e+02
1.003022379612833532e+02
9.976269893520135668e+01
9.991315812718121947e+01
1.015560492057521031e+02
9.970727641729396851e+01
9.970727641729396851e+01
9.970727641729396851e+01
1.040267824930078717e+02
1.030385066272427252e+02
9.967527932539820767e+01
9.971142936648703881e+01
9.971142936648703881e+01
1.023442502828405480e+02
1.003606606381356130e+02
9.988097435081991193e+01
9.970967203472302742e+01
9.965639152616046204e+01
9.981887131933952162e+01
9.981887131933952162e+01
9.974518560212882790e+01
9.974518560212882790e+01
9.974518560212882790e+01
9.975582169118303000e+01
9.974629909740177425e+01
9.974629909740177425e+01
9.974629909740177425e+01
9.975582169118303000e+01
9.974632400932081566e+01
9.973286901503134061e+01
9.973286901503311697e+01
9.981487306930212355e+01
9.972343570718760475e+01
9.972925212266375183e+01
9.973550740098407630e+01
9.973550740098407630e+01
9.969530407245889592e+01
9.969530407245889592e+01
9.969530407245889592e+01
9.969348421169615904e+01
9.969348421169615904e+01
9.987933584831338862e+01
9.987590059752274385e+01
9.987590059752274385e+01
9.976182517325587185e+01
9.980748308725344486e+01
9.991311564060431749e+01
9.978539565604010875e+01
9.981869889079339941e+01
9.968642354191372590e+01
9.971297365879965469e+01
9.969911864029657522e+01
9.996227991042314898e+01
9.977008886555572076e+01
9.989465759539872636e+01
1.122566258870918290e+02
1.005563825556903339e+02
1.005563825556903339e+02
9.980369218934711739e+01
1.000860511794602985e+02
9.977445282258062775e+01
9.977445282258062775e+01
9.972671915317420144e+01
9.974442198515424707e+01
9.974442198515424707e+01
9.974442198515424707e+01
9.976344320025012280e+01
1.002217078238750361e+02
1.006538175492842839e+02
1.012978759081484270e+02
1.005586592267786301e+02
1.000365291371184071e+02
9.977801599801955490e+01
9.987198545049902521e+01
9.976244627938706344e+01
9.976244627938706344e+01
1.010976111374373971e+02
9.979838043316804885e+01
1.011080203308324172e+02
1.005576695609418181e+02
1.005576695609418181e+02
9.979120318006076218e+01
9.974492328432496890e+01
9.978634983433708783e+01
9.974032183922346917e+01
1.010329597571745381e+02
9.981267087291753626e+01
9.975725512548837060e+01
9.964502618449067484e+01
9.994170423222026045e+01
9.979186219901498589e+01
9.973868634514168718e+01
9.987200985787703189e+01
9.983522005149681888e+01
1.001829599087231912e+02
1.012143646318405956e+02
1.012884695252152056e+02
1.003800334616221619e+02
9.977060005217430216e+01
9.979654006026265733e+01
9.976931772718199909e+01
1.002482407935168851e+02
1.006672452896362131e+02
1.001796097736854563e+02
1.002241899217053742e+02
9.968755129475793808e+01
1.000596568038079681e+02
1.000470483759725084e+02
9.993475145618295130e+01
1.002835925951858940e+02
9.968290674616926594e+01
9.965342708026629737e+01
9.965342708026629737e+01
9.965342708026629737e+01
9.973834006625189375e+01
1.000499679388788792e+02
9.963494984481627625e+01
9.963494984481627625e+01
9.963494984481627625e+01
9.969356314466446634e+01
1.000052792238539183e+02
9.974237301497353769e+01
1.000328267748853790e+02
9.973927762814149389e+01
1.000306708977125396e+02
1.001526393446085734e+02
1.000113733029270691e+02
9.997875898198903144e+01
9.997875898198903144e+01
1.012067702084862901e+02
1.012067702084862901e+02
1.001526393446085734e+02
1.001820028919694892e+02
1.001820028919694892e+02
1.001820028919694892e+02
1.000555772764765265e+02
9.994246079518050863e+01
9.994246079518050863e+01
9.994246079518050863e+01
9.975798933733531726e+01
1.000040106089742977e+02
9.978593115243523926e+01
1.001526393446085734e+02
1.001526393446085734e+02
1.001526393446085734e+02
9.974343733578194815e+01
1.000659091862518295e+02
1.000659091862518295e+02
9.970489502675359006e+01
9.988487178839081082e+01
9.989936673061787076e+01
9.993343648049186356e+01
9.978613255644228275e+01
9.980539417064451868e+01
9.980539417064363761e+01
9.980539417064363761e+01
9.980539417064363761e+01
9.980539417064363761e+01
9.980539417064363761e+01
9.980539417064451868e+01
1.018524282032212653e+02
9.990990412043066726e+01
1.002265117656423854e+02
9.981349847519436480e+01
9.973190389881425233e+01
9.973190389881425233e+01
9.973190389881425233e+01
1.004973867223933013e+02
1.017220906127764692e+02
9.973285260875931613e+01
9.987779541375782344e+01
9.987779541375782344e+01
9.990950794920172484e+01
9.981785337000705738e+01
9.981785337000705738e+01
9.978019458160090949e+01
1.006926668279476615e+02
9.988341489562766640e+01
9.974263248311895325e+01
9.968440365681082937e+01
9.968440365681082937e+01
9.973519320917826292e+01
1.007324627684280784e+02
1.017771560336396703e+02
1.028778804063644117e+02
1.013642245796671517e+02
1.002267607939680261e+02
1.002267607939680261e+02
1.004052825492037755e+02
9.975643613547057953e+01
9.976699117532686500e+01
9.971559972075101541e+01
1.007938413902076462e+02
1.033446378671016959e+02
9.977426383278570654e+01
9.986508814803575262e+01
9.974734675949763130e+01
9.976275245599160257e+01
9.982975989246178017e+01
1.003184921261862002e+02
9.968682386220922353e+01
1.015922146250763944e+02
1.015922146250763944e+02
1.003304260886309009e+02
1.003304260886309009e+02
1.019270307524329411e+02
1.019270307524329411e+02
1.002033307103507553e+02
1.006420132149964246e+02
9.986448740529588974e+01
1.000344887407207750e+02
1.000344887407207750e+02
1.000319311874033161e+02
1.000319311874033161e+02
1.054692139283201016e+02
9.996076663372465987e+01
9.971136252759933427e+01
1.011624421124496536e+02
1.045896412300216696e+02
9.978613255644228275e+01
1.015787640523048054e+02
1.015787640523039670e+02
1.015787640523048054e+02
9.996785453709149749e+01
9.996785453709149749e+01
9.996785453709149749e+01
1.024386385525404961e+02
1.002155333860303870e+02
1.023748427714994023e+02
1.034529173172435605e+02
1.048145213313861177e+02
1.006572545327093025e+02
1.019090732689479069e+02
1.019090732689479069e+02
9.982206189919644146e+01
9.989520082718637184e+01
9.975763917371598666e+01
1.002111961191083793e+02
1.018493849790777404e+02
1.001787625228684533e+02
9.990452454927145709e+01
9.975067896092258479e+01
1.012548444643948784e+02
9.991251541508412970e+01
1.014626589117346072e+02
9.976186676575494516e+01
9.981792171388855195e+01
9.981610438958755083e+01
1.017299541500933344e+02
1.026358885039497864e+02
1.020484799992277374e+02
9.982546861033443975e+01
9.993461438616490966e+01
9.992799577936696664e+01
9.966773607195004558e+01
9.991809587517995794e+01
9.968277455132934506e+01
9.970928783954043695e+01
9.976787868610055909e+01
9.971835601901791790e+01
9.966283128504652211e+01
9.996184747034725149e+01
1.000272535513700092e+02
1.000272535513700092e+02
1.000272535513700092e+02
1.001929951584917831e+02
1.001929951584935310e+02
9.999520653704813355e+01
1.092379396751119316e+02
1.149237991432289050e+02
1.019046761335859088e+02
1.037055240452836387e+02
1.031997982087994217e+02
1.017974602127835766e+02
1.063902725864202239e+02
9.979067402388898245e+01
9.993009246788174949e+01
9.973184704876544515e+01
9.966408829739410180e+01
1.024254139210758723e+02
9.971813899101933032e+01
9.982610672192160450e+01
9.990504986139872301e+01
9.973451206316434536e+01
9.973614952926502042e+01
9.973614952926502042e+01
9.976344029236847177e+01
9.976344029236847177e+01
9.976344029236847177e+01
9.976344029236847177e+01
1.000806395153265385e+02
9.971235354325597200e+01
9.976055382090993362e+01
1.001669486360706003e+02
9.980387744212569601e+01
1.004071389615825325e+02
1.001711463875628993e+02
1.015892211024398932e+02
1.011420725699147454e+02
1.117347849425704425e+02
1.161648956469577172e+02
9.984909644132758899e+01
1.001840805544380544e+02
1.068558132371268670e+02
1.170144864647889307e+02
1.087463673655315972e+02
1.022708431044927551e+02
1.017541873501978529e+02
1.025560050272864032e+02
1.034418994074059412e+02
1.027709504437625725e+02
1.017447070974437366e+02
1.036291251754271201e+02
1.028839477970985854e+02
9.974711041342835927e+01
9.983471905911343924e+01
1.044841269666687538e+02
1.002320768869368948e+02
9.974603047370645470e+01
1.002320768869368948e+02
1.000261335496480797e+02
9.976192619088271840e+01
9.974639386407400821e+01
9.967153406251037495e+01
9.980343210523088260e+01
1.020551413726770988e+02
9.975241633459175716e+01
9.982078689336873367e+01
9.980206632186062166e+01
1.038484789341923431e+02
9.965574482677504875e+01
9.965507940776136309e+01
9.965507940776136309e+01
9.979925278317091397e+01
9.979925278317091397e+01
9.979925278317091397e+01
9.993693092939248857e+01
9.969218948869202279e+01
9.969430789692600570e+01
9.962701438655207653e+01
9.962701438655207653e+01
9.962701438655207653e+01
9.962701438655207653e+01
9.962701438655207653e+01
9.968598427248569749e+01
9.969041949172765271e+01
9.998757503766621824e+01
1.002147365189644717e+02
9.972637528886556879e+01
1.005308275281157933e+02
1.002424472812420788e+02
1.003047405573988300e+02
1.001137399905302772e+02
1.001636839238067154e+02
1.003168420819699236e+02
9.979998493129993165e+01
1.015560492057521031e+02
1.004731394927365073e+02
1.001669486360706003e+02
9.981821544009252989e+01
9.966678253420697331e+01
9.966678253420697331e+01
9.966678253420697331e+01
9.967609241915184271e+01
9.976267610940394093e+01
1.004661991212796721e+02
9.973085520131525072e+01
9.974694443731387139e+01
1.005131312543745139e+02
9.976556801567230082e+01
9.977618646373322520e+01
1.005291523171127750e+02
9.993442123362086704e+01
1.003045329335038502e+02
1.023733504426405858e+02
1.003492863440935849e+02
9.990039084480443421e+01
1.013236505036009873e+02
1.003084479550301609e+02
9.978697638699357242e+01
1.027426326726934036e+02
1.020930694647703945e+02
1.029249418723222362e+02
1.017172680442562722e+02
1.020885962820696449e+02
1.033784627999986014e+02
1.152736890005483446e+02
1.036464657543639305e+02
1.100653570649221393e+02
1.122793879553275360e+02
1.123534918886057596e+02
1.006627351242902080e+02
1.018955313873178596e+02
1.020397047334542151e+02
1.014195605189787699e+02
1.014195605189787699e+02
1.005723346781256993e+02
1.014226999951433612e+02
1.025601709850075878e+02
1.019820572897749287e+02
1.006669552736382371e+02
9.991333238773313496e+01
9.991293880326949761e+01
9.991293880326949761e+01
1.000303451029563320e+02
9.996745002226836618e+01
9.989023042166064670e+01
1.001165796950270703e+02
1.010555776359501579e+02
1.009045848585309386e+02
1.021896100612089384e+02
1.017694667992775663e+02
1.018155337939422367e+02
1.006311489251847888e+02
1.005220156494231674e+02
1.079436871447391013e+02
1.028884012883027168e+02
1.008691920956234043e+02
1.044422914142014349e+02
1.017495369203750641e+02
1.039772780678197108e+02
9.972414611575673860e+01
1.003416449042782972e+02
1.001839075073903444e+02
9.996896675867637327e+01
9.996896675867637327e+01
1.002427646626588142e+02
9.996997198070953061e+01
9.975508123317396780e+01
9.980785368932987467e+01
9.991619993233550190e+01
9.990296481011633034e+01
9.991111033251317508e+01
1.000223582132869353e+02
1.034770649591828970e+02
1.058646648555536132e+02
1.004758238092830425e+02
1.004910235080254637e+02
1.004612462521674559e+02
1.004612462521674559e+02
1.002281857585432903e+02
9.979976063255760721e+01
9.979976063255760721e+01
9.992189145106466697e+01
9.992426300456534705e+01
9.968522307317184072e+01
9.968682188646609177e+01
9.968682188646609177e+01
1.000332700835054140e+02
1.008068972796384770e+02
9.981739981379551807e+01
9.981709525137043215e+01
9.981709525137043215e+01
9.983964063241998588e+01
9.983964063242088116e+01
1.006796964659056499e+02
9.973471526666814668e+01
1.109289631510605432e+02
9.976521726994431560e+01
9.991982583075768787e+01
9.987547654885634074e+01
9.987547654885634074e+01
1.001155232766293750e+02
1.000073492881171973e+02
1.002195774232274772e+02
1.000093435730342719e+02
9.982795815931531536e+01
9.981969115200379861e+01
9.981969115200379861e+01
9.982709657878672260e+01
9.982795815931531536e+01
9.981417476098656039e+01
9.996668642245366243e+01
9.978082063029700066e+01
1.000555977971988000e+02
1.003826439453940225e+02
1.000604022862480775e+02
1.000604022862480775e+02
9.970002292831961199e+01
9.991100995678809227e+01
9.991272859303921905e+01
9.980625889073607482e+01
1.001286248723528871e+02
9.979541871179966961e+01
9.980689685744223993e+01
9.969543740429362799e+01
1.003047405573988300e+02
1.001669486360706003e+02
9.967445229744716073e+01
1.006615014395779752e+02
9.998757503766621824e+01
9.994773198921916446e+01
9.974555387328089751e+01
1.004664082529964446e+02
1.001761298895487755e+02
9.998646529370446956e+01
9.988019062215819588e+01
9.988019062215819588e+01
1.021145082219404543e+02
1.083019740240823694e+02
1.037418349040722632e+02
1.085396575971287376e+02
1.036471563110509351e+02
1.096343692673478785e+02
1.136890343684087981e+02
1.130493166117195614e+02
1.044210834088637512e+02
1.018470936140699337e+02
1.071311268867794837e+02
1.123546423201036646e+02
1.069576869498879717e+02
1.162022316073851869e+02
1.044210834088637512e+02
1.104191479250890495e+02
1.096500458418311865e+02
1.083019740240823694e+02
1.037418349040722632e+02
1.026923753340570045e+02
1.080232087005173298e+02
1.044210834088637512e+02
1.044210834088637512e+02
1.049403022281266544e+02
1.138063320702249257e+02
1.166068851362776400e+02
1.141092276476301777e+02
1.022855691056111738e+02
1.125410574391670906e+02
1.037430435598068925e+02
1.101315725368985596e+02
1.011800970392352070e+02
1.155600896274059579e+02
1.048847568302770128e+02
1.149548693115358162e+02
1.149686496226162404e+02
1.001595283105522469e+02
1.158967341565323750e+02
9.966192635637744957e+01
9.971282871100339662e+01
1.002225711894751470e+02
1.006456525123253130e+02
1.013392389420370989e+02
1.013392389420370989e+02
1.000103496498334579e+02
1.006247360285802870e+02
9.999430849764505069e+01
1.005279763949347398e+02
1.041522143564886704e+02
9.977416652993539969e+01
1.004855389135263266e+02
1.005280478130867863e+02
9.980325167225029759e+01
9.975147036011536272e+01
1.002424082000301269e+02
9.967201277810100635e+01
1.005044978652528300e+02
9.988279088072687273e+01
1.042607586254739829e+02
1.014476344478155596e+02
1.014476344478155596e+02
1.048048449965194067e+02
1.013496074674994247e+02
1.013496074674994247e+02
1.007850345828087768e+02
1.005456742078150825e+02
1.006748243310618705e+02
1.005328726311947349e+02
1.024098765900894534e+02
1.011263059918552898e+02
9.999894518730414461e+01
9.979120318006076218e+01
9.974803110116570792e+01
9.974803110116570792e+01
9.974803110116570792e+01
9.970134588655811569e+01
9.978363260919221034e+01
9.988899198463468565e+01
1.001252278872379549e+02
9.980836423914618649e+01
9.980836423914618649e+01
1.015978310171799563e+02
1.002565715777013367e+02
1.016165441021477847e+02
9.979120318006076218e+01
1.001345362310289460e+02
1.000330645247044572e+02
1.006118749351019517e+02
9.977058554800109391e+01
1.002675059914815705e+02
1.002407528852217240e+02
1.000789263005701741e+02
9.977425855489825324e+01
1.000857114023265666e+02
9.999843281767506653e+01
9.975129940105716742e+01
9.964076111500875754e+01
1.005308881459502430e+02
9.973381964464951466e+01
9.975727221790799604e+01
9.979141218479789188e+01
1.007970164124137824e+02
9.978441687702346030e+01
1.019067071044295147e+02
1.005230242603620354e+02
1.005230242603620354e+02
1.005195684166368295e+02
9.974298007264371790e+01
9.978215429265431169e+01
9.982627275991174542e+01
9.982694291752845572e+01
9.989722087975678733e+01
9.975252722382184345e+01
9.977924951134390597e+01
9.976344320025012280e+01
9.972281586065385284e+01
9.972281586065385284e+01
1.000774012311102013e+02
1.000774012311102013e+02
9.984525606861755875e+01
9.984525606861755875e+01
1.000077959115573663e+02
9.988269011067235681e+01
9.973477112666847688e+01
9.973477112666847688e+01
9.963907003028322151e+01
1.004982075502117453e+02
9.991375594241773683e+01
9.991375594241773683e+01
9.991375594241773683e+01
1.006528577150038899e+02
1.006528577150038899e+02
9.979821239411208467e+01
9.980474041396699647e+01
1.008905729723020102e+02
1.013940763702037913e+02
1.071470476625288342e+02
1.004766906468513525e+02
1.005398350061729928e+02
1.007487613622886755e+02
9.975896117589655887e+01
9.970876984160908307e+01
1.000254177866506069e+02
9.989581300390730689e+01
1.083666137131644547e+02
9.975796298840134568e+01
9.971249056581753223e+01
9.976502071621662537e+01
9.982613328685499710e+01
9.977594691118926562e+01
9.986806046282416105e+01
9.982798476814623712e+01
9.995331890465168101e+01
9.971801048020820701e+01
1.000374604481159082e+02
1.000374604481159082e+02
9.985857294514158866e+01
1.000115217106138772e+02
1.002544872645803764e+02
1.006149226915195243e+02
1.015737817016691338e+02
1.001943531364022277e+02
1.022635734741388234e+02
1.005427500100691987e+02
1.005473331081443007e+02
1.015447117996986748e+02
1.015578400503327572e+02
9.986969918164234628e+01
9.987398137807170428e+01
1.003714727834369995e+02
9.972959976110915647e+01
9.973334978780394522e+01
1.020401044036648415e+02
9.985609460829685702e+01
9.985936946585184160e+01
1.017681615963926589e+02
1.005568485069894393e+02
1.005964392375984744e+02
1.009104873547643990e+02
1.009093269925495377e+02
1.015695565284090947e+02
9.972951268967332794e+01
9.998914211969628241e+01
9.963137242715620800e+01
1.012909558689616460e+02
1.025228559632784169e+02
9.988227734260046020e+01
1.018926856354015484e+02
9.975117636906078644e+01
9.972147456429571832e+01
9.972147456429571832e+01
9.980895825697041346e+01
9.977885389252710979e+01
1.001317108191905021e+02
9.976269317410059045e+01
9.973834006625189375e+01
9.968823732530401571e+01
9.966635647905296480e+01
9.962680811019509974e+01
1.009060512637426257e+02
9.996247059018649850e+01
9.971912232747504845e+01
9.970500382408197027e+01
9.974095794765464973e+01
9.980166436450275569e+01
9.979120318006076218e+01
9.982164931640018324e+01
9.970002292831961199e+01
9.978607323619311842e+01
1.000694390777944420e+02
1.001766830890914548e+02
1.000684919526754726e+02
1.001246284013444807e+02
1.001174866725910562e+02
9.971872204878683021e+01
9.976901345204547056e+01
9.965541543471353236e+01
9.977917743599648759e+01
9.964356926386926716e+01
9.975101397131945191e+01
1.008445943510480731e+02
9.980442640726062109e+01
9.979541871179966961e+01
1.003122768350420841e+02
9.969832490308250783e+01
9.974183777280671848e+01
9.966866944700035447e+01
9.974632400932081566e+01
9.996695336477063165e+01
9.975572480363555883e+01
1.001669486360706003e+02
9.974555387328089751e+01
9.980343748571748108e+01
9.971778594374224269e+01
9.971778594374224269e+01
9.978728676644573170e+01
9.984949234238700910e+01
9.970689161063121730e+01
9.965639152616135732e+01
9.978178499986971417e+01
9.978178499986971417e+01
9.972069069728181034e+01
9.976193059079596992e+01
1.016641031168221616e+02
9.975258438633639457e+01
1.009162040659254984e+02
1.011670340176510479e+02
1.029200082082359273e+02
9.970460003437226248e+01
9.973898476766903798e+01
9.976345019911720158e+01
9.986971710765300259e+01
9.972095792169703543e+01
9.988011476209142359e+01
1.001829973095166082e+02
1.004495590763571613e+02
1.008028322805906214e+02
1.001829973095166082e+02
1.007022052164529953e+02
1.007022052164538621e+02
1.000703558895321805e+02
1.011258677087248827e+02
1.011258677087248827e+02
1.011258677087248827e+02
1.026832515133087753e+02
1.001745059766699910e+02
9.979370794062946004e+01
1.000920788633106042e+02
1.000920788633106042e+02
1.000920788633106042e+02
1.005362379451842401e+02
1.003654780024961468e+02
1.003654780024961468e+02
1.001913505980801915e+02
1.001913505980801915e+02
9.985529887537880711e+01
9.985529887537880711e+01
9.985529887537880711e+01
1.020068513686565126e+02
1.018383838673556028e+02
1.001829973095166082e+02
1.006460286144846350e+02
1.006136174799762983e+02
1.004396093154020662e+02
9.972552746407903612e+01
9.979494557534293619e+01
9.984556295062402853e+01
1.001697700200148660e+02
9.997142573332524762e+01
1.015632676895652367e+02
1.000254177866506069e+02
1.006545243279981747e+02
9.987116086120259695e+01
1.006548086549513812e+02
1.006548086549513812e+02
1.000254177866506069e+02
1.016198469659174179e+02
1.006460286144846350e+02
9.974683637475519049e+01
1.009691655960866967e+02
9.974706720876017130e+01
1.017135636851280651e+02
1.144313282236576725e+02
1.000465512411246891e+02
9.978653083108875421e+01
1.084827247445546305e+02
1.029661779038291058e+02
1.000578333393011832e+02
9.988786525756457024e+01
1.012823551663814499e+02
1.074532371655046745e+02
1.006347421155538200e+02
1.010251465223754082e+02
1.029899171801038733e+02
9.976274534235517422e+01
1.017560013637892240e+02
1.017560013637892240e+02
1.017560013637892240e+02
9.964052260709101461e+01
9.964052260709101461e+01
9.965247509859835873e+01
1.045896412300216696e+02
1.075141271066411832e+02
1.076998620012479648e+02
1.105001588778587234e+02
1.011989612700504182e+02
1.011989612700504182e+02
1.011989612700504182e+02
1.025352234818694654e+02
1.025352234818694654e+02
1.033534670792591044e+02
1.012739476723256900e+02
1.012116302485953696e+02
1.010419671868266249e+02
1.016603426245530102e+02
1.016603426245530102e+02
1.010557225354698545e+02
1.020509561380048211e+02
1.013994464187711344e+02
1.013778185044020148e+02
1.012717570017548354e+02
1.013778185044020148e+02
1.010185402802723189e+02
1.007042846289394475e+02
1.016743779941275250e+02
1.154636904259898245e+02
1.076564919743621118e+02
1.142868725650137094e+02
1.001577365037570644e+02
1.008524390643138418e+02
1.057553094396049715e+02
1.012480097129360246e+02
1.021870227835885458e+02
1.009180017064115447e+02
1.007286158005974386e+02
1.007488539901201818e+02
1.011817048903425160e+02
1.030753847385322928e+02
1.033052698213449645e+02
1.008575581915975334e+02
1.001345433836837913e+02
1.006387684725296197e+02
1.014911355209713122e+02
1.089350618761525169e+02
1.019907240809060625e+02
1.005918955507947459e+02
1.004710583452668402e+02
1.000248885908378469e+02
1.006035619761213837e+02
1.006035619761213837e+02
1.006035619761213837e+02
1.033422126838829769e+02
1.001824735298754092e+02
1.043696630517803641e+02
1.038964255970305572e+02
1.029896361334017598e+02
1.037677716721470347e+02
1.094880622874960352e+02
1.008217754333059872e+02
1.003609986881996718e+02
9.975342987880222267e+01
9.972629562505935041e+01
9.965759527331476875e+01
1.000071772317696173e+02
9.974710001408729454e+01
1.000367358375747955e+02
9.983016169745607726e+01
9.988373445427863828e+01
9.988996445712130878e+01
9.989412292383393321e+01
9.977584257770887177e+01
9.991120425778078129e+01
9.974190932299239876e+01
9.972128734439006337e+01
9.972128734439006337e+01
9.967781226208653322e+01
9.989898891561036010e+01
9.964914394235646000e+01
9.999384789028168541e+01
9.990112181866390983e+01
9.990112181866390983e+01
9.974946595287961770e+01
9.978924553153085242e+01
9.983389885356298521e+01
9.970068250589162062e+01
9.976379814318079298e+01
1.000155886090702779e+02
9.977584257770976706e+01
9.975775789374290525e+01
9.983843531667656634e+01
9.973160741210942604e+01
1.000200184078797321e+02
1.002440609169996151e+02
1.003462294630154901e+02
9.980669137271721070e+01
9.965432956087957450e+01
9.965432956087957450e+01
9.965432956087957450e+01
1.000234477774108512e+02
1.000234477774108512e+02
9.979799462308209002e+01
1.007107585639633385e+02
1.005700169629216134e+02
9.969509097554841048e+01
9.963059553846144922e+01
1.003947300433546701e+02
9.995395404052695199e+01
9.995395404052695199e+01
9.995395404052695199e+01
1.005918955507947459e+02
1.004979899981527893e+02
9.963560703839812049e+01
1.018686854387338911e+02
9.980141931097529095e+01
9.973001573535866271e+01
9.980141931097529095e+01
9.973001573535866271e+01
9.976667992154577291e+01
9.982517505253892409e+01
9.982517505253892409e+01
9.982517505253892409e+01
9.976856823916301664e+01
9.978049187625113348e+01
9.975911151274236488e+01
1.005689111009905616e+02
9.982648602572336927e+01
9.966220723668472203e+01
1.122119778804236319e+02
1.074179004951748624e+02
1.068351005888493575e+02
1.085942167395190552e+02
1.022929256983426569e+02
9.969193371377792801e+01
9.990347579405661804e+01
9.990347579405749912e+01
1.007097649468297362e+02
9.993750720835251400e+01
9.989021812552772417e+01
9.974182539555057758e+01
9.976179114416918026e+01
9.987574297168491455e+01
1.004105042351823585e+02
1.001621858347813259e+02
1.001884366315971562e+02
1.000920119987041801e+02
1.004659692138912561e+02
9.987128373063997344e+01
9.976078477827316249e+01
1.000339787484025322e+02
1.000339787484025322e+02
9.981677344293578358e+01
1.001448310364223602e+02
1.066107080117424744e+02
9.985977114417669043e+01
1.005465391269171960e+02
1.012978733005645893e+02
9.976182049929177253e+01
9.976190113453530728e+01
9.981069043388619377e+01
1.001061013780449116e+02
1.005962840470099735e+02
1.060789310043475808e+02
1.012132425195099756e+02
1.012132425195099756e+02
1.013707779252624306e+02
1.013707779252624306e+02
1.050783748123406127e+02
1.050960634531242022e+02
1.058203270193682783e+02
1.052210056448427906e+02
1.052210056448427906e+02
1.028209136591321169e+02
1.026257813115914388e+02
1.028209136591321169e+02
1.028751247810401139e+02
1.026066078918522351e+02
1.039754705336930130e+02
1.035633612431395392e+02
1.038343484541322113e+02
1.073757469215467921e+02
1.059656815432638979e+02
1.081042518912240524e+02
1.059744689518044538e+02
1.034450712081907255e+02
1.033686622743160513e+02
1.034645437747357590e+02
1.049218683018310827e+02
1.003394634273150814e+02
1.029415849074840850e+02
1.021227912046883120e+02
1.011118472357091065e+02
9.997706815282080584e+01
9.994915310872848124e+01
9.981636442394655262e+01
1.008649843178274779e+02
1.001179072854568801e+02
1.001179072854568801e+02
1.001179072854568801e+02
1.001841136989077370e+02
1.001841136989077370e+02
1.001841136989077370e+02
1.045605381906291171e+02
1.007028005355529672e+02
1.019471472218826875e+02
1.015021018734923643e+02
1.015021018734932170e+02
1.015021018734932170e+02
1.007909009427769575e+02
1.006750230187624311e+02
9.994695216171297147e+01
1.005550386673857020e+02
1.004944046083475513e+02
1.018705375078840802e+02
1.018705375078832560e+02
1.017528467327731505e+02
1.018600736191499863e+02
1.112430469047750847e+02
1.014264153226679213e+02
1.013003750148087931e+02
1.006844441095088882e+02
1.006844441095088882e+02
1.007065520837484058e+02
1.010794642522468934e+02
1.008879231002268568e+02
1.009784520146691165e+02
1.000660009808684521e+02
1.017617687180507033e+02
1.000222630531350774e+02
1.040529907595431069e+02
1.001649158369457098e+02
1.001649158369465766e+02
1.001649158369457098e+02
1.005433424258128383e+02
1.005467343413307901e+02
1.005551667779747191e+02
1.005467343413307901e+02
9.995635237010939989e+01
1.006140810919143291e+02
1.006601296951037625e+02
1.007296500679195077e+02
1.010725611719335291e+02
1.002730190068097045e+02
1.000908393822625726e+02
1.014220363390786730e+02
1.027162672139515109e+02
1.027162672139515109e+02
1.149652940488762738e+02
1.057565258174979022e+02
9.981115935173458809e+01
1.122723516330321871e+02
1.003342854320074338e+02
1.004029618434279598e+02
1.003649377792454231e+02
1.001677186656001339e+02
1.001677186656001339e+02
1.002573791854569976e+02
1.076704931432989554e+02
1.002580145865784118e+02
1.024827116179063893e+02
1.026749431201418332e+02
1.001489629405567428e+02
1.030849788856712195e+02
1.003188205573026153e+02
1.000571380772233567e+02
1.005355886831691237e+02
9.990129040572864483e+01
9.981754449867996470e+01
9.981754449867996470e+01
9.981754449867996470e+01
1.029290794486951626e+02
9.998113592654728166e+01
1.013239579518327389e+02
1.004906403677419746e+02
1.000510920802379928e+02
1.000793844291283250e+02
9.964228904621629113e+01
1.036525651657235585e+02
1.025325204844480851e+02
1.000315301731112072e+02
1.015173159307936714e+02
1.006701423361302830e+02
1.006701423361302830e+02
1.037842267770163147e+02
1.036005049361436221e+02
1.007061018179019811e+02
1.036656053932331645e+02
1.020308133003030235e+02
1.034511838685032643e+02
1.039827942134338201e+02
1.038947613030330217e+02
1.081421976449786087e+02
1.018170174335147777e+02
9.992067522824899584e+01
1.005758644651676690e+02
9.991147428881633630e+01
1.022129680853965397e+02
1.041492605267839764e+02
9.992156738015876272e+01
9.992156738015788164e+01
1.060504486548453116e+02
1.006529857884904402e+02
1.006891652011454283e+02
1.006392001110025660e+02
1.028012553540518041e+02
1.004363000513776569e+02
1.027092783992490297e+02
1.027103215044695617e+02
1.025010786991830969e+02
1.077839870169201930e+02
1.022047683341045712e+02
1.117953839292091374e+02
1.003395779843912692e+02
1.015239093079801336e+02
1.006732233383547168e+02
1.003491916481065687e+02
1.003491916481065687e+02
9.983512002706142141e+01
9.983512002706142141e+01
1.012794287054034470e+02
1.000459623089325163e+02
9.986824596415880251e+01
1.009156051392280489e+02
9.977189617705890612e+01
9.977189617705890612e+01
9.974190415820922340e+01
9.974190415820922340e+01
9.974190415820922340e+01
9.972423906448638320e+01
1.001104790068267647e+02
9.976282497187681031e+01
9.968670876038289919e+01
9.970967597091014056e+01
9.974861640070081137e+01
1.133350197642254074e+02
1.021678342741405601e+02
9.978008809731862527e+01
9.970613802539668313e+01
9.970613802539668313e+01
9.969224656170557353e+01
9.969224656170557353e+01
9.973765852053435310e+01
9.973765852053435310e+01
9.977600140811210849e+01
9.977600140811210849e+01
9.977600140811210849e+01
9.963639323458383501e+01
9.963639323458383501e+01
9.962552815769105052e+01
9.962552815769105052e+01
9.974323725952599773e+01
9.968786634598424712e+01
9.987171058382281785e+01
9.987171058382281785e+01
9.987171058382281785e+01
9.981996006088698437e+01
9.971949138980679095e+01
9.971949138980679095e+01
9.971949138980679095e+01
9.971949138980679095e+01
9.967780799001305070e+01
9.967780799001305070e+01
9.971949138980679095e+01
9.971949138980679095e+01
9.975057562007229706e+01
1.000690842180249547e+02
1.005181127412852788e+02
1.001723889833564982e+02
1.000255738713013187e+02
9.973083966156170277e+01
9.973083966156170277e+01
9.973083966156170277e+01
9.968917892055308982e+01
1.000814498126169809e+02
9.965781114386754780e+01
9.965458189750546580e+01
9.977384380633984051e+01
1.021012831086889605e+02
1.056899879824086099e+02
9.976516847151420109e+01
9.976516847151420109e+01
9.962870646144753550e+01
9.964287692552490228e+01
9.977648486935579797e+01
9.977648486935579797e+01
9.977648486935579797e+01
9.977648486935579797e+01
9.977648486935579797e+01
9.990101163057128986e+01
9.994556372442153247e+01
9.980995901133971415e+01
9.983796868712940409e+01
9.980925136260390218e+01
9.980925136260390218e+01
9.972402027805024716e+01
1.002905810474665458e+02
9.991145731013145337e+01
1.095649995257229676e+02
1.020449849280922336e+02
1.117233626905691892e+02
1.056430654805645588e+02
9.988333765030894540e+01
1.014909647217929916e+02
1.020991520297197610e+02
1.023917712688307375e+02
1.034994095740511142e+02
1.043228024323004490e+02
1.001414168985752724e+02
1.006572940824489990e+02
1.003879419783912965e+02
1.162350651961229602e+02
1.117152768004860377e+02
9.973898476766903798e+01
1.093012423445433399e+02
9.999007673208986091e+01
1.001773549100280150e+02
1.003125503836204615e+02
9.997942135274395525e+01
9.997810285642933081e+01
9.988228160483332374e+01
9.988228160483332374e+01
1.000524398422329000e+02
9.991464172585844494e+01
9.991464172585844494e+01
9.991464172585844494e+01
9.991464172585844494e+01
9.991464172585844494e+01
9.991464172585844494e+01
1.002300682983275522e+02
9.996345011806002390e+01
1.000256213548885853e+02
1.018587251157584603e+02
1.001242106655110149e+02
9.990822251645698771e+01
9.978128969115542191e+01
9.973695381197512688e+01
9.962680811019509974e+01
9.971003320703849226e+01
9.980069704382941609e+01
9.976657443106739720e+01
9.971058193550730664e+01
9.976857778572974667e+01
9.964106514036406281e+01
9.964106514036406281e+01
9.978551363881240377e+01
9.973840401205875139e+01
9.989877768462419283e+01
9.981626395608232372e+01
9.964281696976672720e+01
9.977483792478822977e+01
9.977483792478822977e+01
1.002814585165333767e+02
1.013367110892374257e+02
9.983248680304440370e+01
9.983248680304440370e+01
9.983248680304440370e+01
9.985692869040617836e+01
9.985692869040617836e+01
9.985692869040617836e+01
9.985692869040617836e+01
9.985692869040617836e+01
9.985692869042124187e+01
1.135029790591849945e+02
