6.940558463811867114e+02
5.170586775098291810e+02
2.854965340209627698e+02
3.839243305739530001e+02
4.047976402689810129e+02
5.428731728059644865e+02
3.225155867971648718e+02
4.843602650510949843e+02
4.534780422339098322e+02
5.006260505370251508e+02
3.451977149730436167e+02
3.951601282377660027e+02
4.651344578313097600e+02
5.426100777564707869e+02
4.478383857063734013e+02
5.906197476896020362e+02
4.071971832893422061e+02
3.723043379807535302e+02
2.319281534281135464e+02
4.683469936031949601e+02
3.605142677845179264e+02
4.724947851468232898e+02
5.215301319033611662e+02
3.947079135681431126e+02
4.339080436602507689e+02
3.945164514652691423e+02
3.362309488379564186e+02
4.813458295843351493e+02
4.647477263692084648e+02
5.409695449486785037e+02
4.400543869252633726e+02
5.041986844855232448e+02
4.541461647084236120e+02
3.883721154768475117e+02
6.152669591670038471e+02
5.364657166820377370e+02
5.307243407001925561e+02
5.594275302787654027e+02
4.640418639918874533e+02
4.767382930709347875e+02
4.614953364468118480e+02
4.781485774876021537e+02
5.582726085699413261e+02
5.241821996136600319e+02
4.378402787126884732e+02
4.439293421190339473e+02
5.027403344046023221e+02
4.429398762355692725e+02
5.574117881777816592e+02
5.726374384795476544e+02
3.337304343969271940e+02
5.846272894401819258e+02
3.767149699212488940e+02
5.398595901491244149e+02
6.522287529547053282e+02
4.502456145100117624e+02
4.982329668070335629e+02
5.262422579289599298e+02
5.031463145997605011e+02
5.544415141846511688e+02
5.544415141846511688e+02
4.904171104369948466e+02
4.746007291321456023e+02
4.480784553750877990e+02
4.756229308392938719e+02
5.418084161852208354e+02
4.295006156312972507e+02
6.005183968191968233e+02
6.192771175079983550e+02
4.500807339543989656e+02
6.290673304797792298e+02
4.463576441800875614e+02
4.681215326774060372e+02
5.757250716223124982e+02
4.840019713801039529e+02
6.264779545032029091e+02
4.950130994576920784e+02
5.906197476896020362e+02
5.161312023298708027e+02
5.364421910714296473e+02
6.041501908421574853e+02
6.452182851633992868e+02
5.013765148390888271e+02
6.578335354407220166e+02
4.741820306854874048e+02
5.594012582754044161e+02
5.014764785907819373e+02
4.586551975145281403e+02
5.919205869986454900e+02
5.758905632295762871e+02
6.067782159231807100e+02
5.638263947839667480e+02
5.477955990796094738e+02
5.518060570237835236e+02
5.301351162519645186e+02
5.164193622070166612e+02
5.910856418539822243e+02
5.476921921904163355e+02
5.434998763385855227e+02
5.425231191105483504e+02
4.952749308553570131e+02
5.446531404578875026e+02
3.843038206555627312e+02
3.825527910592634271e+02
4.602881988954633812e+02
5.064988386964966480e+02
6.675044060939495694e+02
5.086188891654464328e+02
5.929365244126765901e+02
5.481031437530461972e+02
5.481031437530461972e+02
5.481031437530330095e+02
4.826210068997895632e+02
5.241793600085169373e+02
6.419296816025801036e+02
4.403533794586732597e+02
4.468579746334993956e+02
4.873611468577269079e+02
3.713343908821960326e+02
2.625792693918407394e+02
6.318968374378557655e+02
5.600344245794194649e+02
6.402927684343869714e+02
5.387977133644878904e+02
4.976873294697696224e+02
4.907360598633235895e+02
5.919961883060450418e+02
5.197124767595275898e+02
3.994829358186135551e+02
3.491605117434103818e+02
5.100979658701210724e+02
4.762259425829848283e+02
4.594855369669226661e+02
4.287040521076177129e+02
4.987191881256083548e+02
4.987191881256083548e+02
4.808172871334288061e+02
4.431933326722368633e+02
4.887211073278834874e+02
5.639597840806194426e+02
5.339807633346350713e+02
5.237607355308373371e+02
5.727563089567466932e+02
3.684471122536077701e+02
3.788581029144460786e+02
3.627712795326242485e+02
3.786246448595762217e+02
5.188035321907613024e+02
4.717149284537819085e+02
4.717149284537819085e+02
2.970988198834351124e+02
3.487721517332587950e+02
3.112027676483387495e+02
3.772861046496152539e+02
3.772861046496152539e+02
3.184562231596972879e+02
4.375653770803215821e+02
4.917688291616305492e+02
5.097754414240487222e+02
3.669242483693509485e+02
2.852095729174287726e+02
5.223208492751863332e+02
4.838053093836476251e+02
4.849651865662729051e+02
4.849651865662881960e+02
3.880261699151874382e+02
3.148648736006928175e+02
3.093685998344705013e+02
4.923423730537566598e+02
4.280301165374586390e+02
4.779670600686056900e+02
4.818819544564267403e+02
4.678082408545624844e+02
4.389417275219771000e+02
3.013744651051259780e+02
4.213523364638247131e+02
5.984289499052371184e+02
4.311050397546829913e+02
4.121780172358843970e+02
4.115335321880660899e+02
5.220988995965868753e+02
3.734506892965152360e+02
5.326440602408499672e+02
3.661829313959538013e+02
5.040274410871534769e+02
4.550648344028284100e+02
3.880261699151874382e+02
4.415223456081459403e+02
4.818819544564267403e+02
4.115335321880660899e+02
4.074301212044684917e+02
5.055572293535626613e+02
3.612467051835247958e+02
3.786246448595762217e+02
4.365365810685889869e+02
5.218124343691247304e+02
5.451603470088814447e+02
5.451603470088814447e+02
4.624506089733019962e+02
4.409663621538319376e+02
5.883328546394919840e+02
2.856507365597090597e+02
3.911661204124076789e+02
3.899991076316230192e+02
5.008128953290272989e+02
5.008128953290272989e+02
6.025845043404764283e+02
3.380699953391759891e+02
4.767017287851259084e+02
4.484456209965412086e+02
3.522226242861714240e+02
3.353197663390241132e+02
4.879356575626859467e+02
4.646312131043096656e+02
5.326440602408499672e+02
5.485643717402920174e+02
4.423870236274511285e+02
4.595872780847321906e+02
4.595872780847321906e+02
5.354054186561253346e+02
2.854839611834404991e+02
4.538170476794256274e+02
4.538170476794256274e+02
5.084443398939672534e+02
4.797872423435382530e+02
2.707664653308756897e+02
3.460052914377504294e+02
4.313623131831523096e+02
4.475382761759263417e+02
4.723577810522425580e+02
4.723804008702456372e+02
5.179592956042465630e+02
4.006164443076544899e+02
4.739440146358855941e+02
4.104744669250362108e+02
3.563301571084768398e+02
4.340046265232202813e+02
3.964642067457351686e+02
5.153057488347794788e+02
3.917628627565309216e+02
3.486753136649289218e+02
2.858302598247186097e+02
4.277537087368597213e+02
4.759160433688611533e+02
4.141587943205207694e+02
4.513463328562111201e+02
4.471890086635647208e+02
4.028797946569916348e+02
3.957355032453509693e+02
3.465997021358899701e+02
4.562899382911370481e+02
4.536882318601782913e+02
3.585981686971409204e+02
5.423646046018469633e+02
4.665052088855587726e+02
4.649812689327749808e+02
4.010043720759999815e+02
3.973304155423231805e+02
4.188718611137329617e+02
3.725069631583278351e+02
3.679006246256760733e+02
4.676246608431085292e+02
5.090354624884608370e+02
4.964341692427697694e+02
4.562113184557838963e+02
4.545098818224680031e+02
5.392355052202062780e+02
5.413153933748375266e+02
4.445081392237898967e+02
4.390943660849442267e+02
4.590839327419535039e+02
4.519387398217998566e+02
4.241351027374105342e+02
3.637791456359528866e+02
5.562859402371851729e+02
5.562859402371851729e+02
4.946755768802202624e+02
3.708967540550810327e+02
5.525748477197872717e+02
4.140596000303372080e+02
4.941014301870109193e+02
5.539505989245442379e+02
3.770317515296311512e+02
4.108448310777308734e+02
3.924969013806231715e+02
4.372071863987900429e+02
3.687961431629556728e+02
4.764940800941500925e+02
4.667814124842561796e+02
5.409462589141410263e+02
5.409462589141410263e+02
3.891605015535834013e+02
5.455102561009539386e+02
3.863278150256859362e+02
3.833803492595912417e+02
5.122921828719282757e+02
4.671241899879779567e+02
5.122971678879641786e+02
5.127587551555405980e+02
5.127587551555405980e+02
5.096046374275571225e+02
5.363248168777604405e+02
4.406983583803348665e+02
4.206215510232257202e+02
4.785991258954662726e+02
4.789228876229199159e+02
6.282454090222190644e+02
3.650955848456263197e+02
2.668288213003396550e+02
4.144600897351197091e+02
4.542602018109104165e+02
3.882639853788132882e+02
3.390994327952703316e+02
3.651574568969122652e+02
4.757777995680046388e+02
2.629584152685768572e+02
3.604574845890318784e+02
4.215284685417241803e+02
5.665296385340097913e+02
5.143995712979552763e+02
5.016487856032715058e+02
3.409938162672369799e+02
4.336152995989436931e+02
3.617405187809185350e+02
4.918630509233275916e+02
2.652501900684875409e+02
4.694206544642341896e+02
4.555120412647609669e+02
4.555120412647609669e+02
5.324542196232835067e+02
5.324542196232835067e+02
5.340976303781707202e+02
5.044085444525643993e+02
4.697040966292267399e+02
5.379115621222297250e+02
5.118068444118747493e+02
5.064711960622980769e+02
5.077083834549432595e+02
5.502231347142903815e+02
5.444772879840649011e+02
5.444772879840649011e+02
3.423976741170550895e+02
3.366892551183054252e+02
4.293457692998523498e+02
3.913755544531773580e+02
3.411699728186687821e+02
3.412783217410866428e+02
3.462781189482128639e+02
3.462225712989794602e+02
3.327476872511944634e+02
4.687849511280867318e+02
4.687849511280867318e+02
5.093189817330903679e+02
4.108344806544653238e+02
4.678510076755461569e+02
4.331453573230774055e+02
2.683251800382696501e+02
2.778004213820377117e+02
3.985968079044112073e+02
4.677255738234111391e+02
4.598939414003275488e+02
4.858609373693966518e+02
3.740665034905557036e+02
6.175381741163539573e+02
2.789939897014977532e+02
2.732173194700790191e+02
4.712055208468740375e+02
4.444419202942910374e+02
4.829139998452603209e+02
4.557392397999766445e+02
4.557392397999766445e+02
3.803324688385650916e+02
3.735279237595726158e+02
4.131689648180804397e+02
4.131689648180804397e+02
2.939307070852671586e+02
4.373863080252295390e+02
3.999100750588922324e+02
4.120404601692900997e+02
4.118670976920046201e+02
3.971728116258873342e+02
4.979953463430757665e+02
4.979953463430757665e+02
3.452495953011106167e+02
4.874410268425964432e+02
4.741689007773359208e+02
5.137467321158110281e+02
3.470506530669857170e+02
3.875547228420253987e+02
5.010774361884273276e+02
5.010774361884273276e+02
5.010774361884273276e+02
4.264744573839650457e+02
3.740665034905557036e+02
3.744292353025675197e+02
3.473284792115852611e+02
4.815638407881778562e+02
4.313978224030871047e+02
4.742762568680013828e+02
4.557392397999766445e+02
3.152681794873233230e+02
5.225948331694522722e+02
5.463824042434983994e+02
5.463824042434983994e+02
3.973413201970611226e+02
5.018948568731090063e+02
5.018948568731090063e+02
5.018948568731090063e+02
3.864244914462177576e+02
3.428716958988243277e+02
3.411699728186687821e+02
3.574566053892391437e+02
5.079151287905407344e+02
5.370317184191200113e+02
5.370317184191200113e+02
4.507378070890600839e+02
5.463644666774478083e+02
4.515855057567336530e+02
4.316973546012160341e+02
3.333406674078152605e+02
2.628610450725037708e+02
3.762837651219959980e+02
3.742423157867120835e+02
4.749586083106514138e+02
5.479234631467285226e+02
5.413749629804027563e+02
4.959720589388521148e+02
3.563318028212999593e+02
3.142045876814489702e+02
4.149917065462924484e+02
4.056667494179247910e+02
4.056667494177810909e+02
3.173727041668205402e+02
3.099759633110581376e+02
4.092343823415575343e+02
4.393130182363343579e+02
4.343191342666308401e+02
4.343191342666492005e+02
5.378904489105786979e+02
5.378904489106125766e+02
4.523771291002665862e+02
2.752754508529349096e+02
6.557751472717164916e+02
4.309907083170118653e+02
4.309907083170118653e+02
5.212117343675780603e+02
2.771560929850023740e+02
2.796564138891756102e+02
4.292274389129968881e+02
4.292274389129968881e+02
4.269295640019173561e+02
5.848894532305776011e+02
6.279108615942476490e+02
4.818236648154590398e+02
5.213745759445012027e+02
7.578018359572306508e+02
4.654099999317230640e+02
3.236904030159565195e+02
3.406888074600710752e+02
3.686381060130826199e+02
4.600715068092413844e+02
3.026372637119432056e+02
4.083426444610228145e+02
3.018061589766241468e+02
5.172265592351006944e+02
5.126425479526136542e+02
3.938000883866994286e+02
4.688473692624160094e+02
3.912134660982911214e+02
3.658922639042135643e+02
3.664573571347088432e+02
4.769129028982744103e+02
4.316092049146646445e+02
5.219274743861159322e+02
4.901715490192669336e+02
4.643131782879293610e+02
4.277527954922487083e+02
4.299801570450251802e+02
3.662619164199198849e+02
5.218474060465640605e+02
4.541374960427245924e+02
5.150209377050327930e+02
5.355682232030538898e+02
4.770931487795427870e+02
5.441497262107035340e+02
5.588110194277651317e+02
5.055079356009232470e+02
4.190707212080470185e+02
4.512778947315958931e+02
4.955390246592536982e+02
4.978884902380737572e+02
4.791530656865743367e+02
4.216961581195023427e+02
4.775430306472777033e+02
4.772485240530836563e+02
4.204363358213180959e+02
4.230914343957471715e+02
3.349565303863773806e+02
5.041397867364959779e+02
4.910636002219860643e+02
4.476674318881484282e+02
4.374917437442776986e+02
4.916615074270422951e+02
4.174701880972053800e+02
4.049177551771788330e+02
4.288528680538606750e+02
4.157741683209608254e+02
3.510886904182126500e+02
4.049575484048094722e+02
3.484521528445129093e+02
3.255968771282992975e+02
4.313260143376515998e+02
5.202581476630152792e+02
4.602881988954633812e+02
4.324681614639686131e+02
6.191319775388199105e+02
4.884827322089643076e+02
5.081385189210705562e+02
5.078110388507591892e+02
4.786016889566935220e+02
4.786016889566935220e+02
4.777382980585748555e+02
4.350165988645109110e+02
4.350165988645109110e+02
5.042201168375440261e+02
4.923165461211329443e+02
5.504173185161350830e+02
6.125432724613145865e+02
4.398158517186649874e+02
4.733098109742393831e+02
4.883257781189054754e+02
4.068697071744059599e+02
6.124120702539199783e+02
5.608264526512105022e+02
5.815301542674594657e+02
4.991506785093341136e+02
4.991506785093341136e+02
5.692336976523405383e+02
4.279048995917247566e+02
4.284515761300821737e+02
4.321656150250490214e+02
4.486780988634077403e+02
4.589234546426983457e+02
4.287558633993501758e+02
3.251686988520986006e+02
3.689013878750017170e+02
3.778470663403213052e+02
3.300125179457212425e+02
4.938964279143634144e+02
4.836205713870998579e+02
5.095032763183255042e+02
5.902868669978421394e+02
3.782729577717803977e+02
4.540797714353715833e+02
5.455569876618404805e+02
3.962568915457544563e+02
3.919916625730882629e+02
4.042144614762544279e+02
3.932372370095268366e+02
3.325450772828855861e+02
4.981485997103017098e+02
3.473319714347555873e+02
4.565757701275107934e+02
4.336075767529232508e+02
5.117055959262914939e+02
5.040987192969301987e+02
4.129196294172213584e+02
4.093859196842213350e+02
6.053182984296109908e+02
4.570822397220334210e+02
5.265343607233246530e+02
5.863153570245808623e+02
5.196250726345745079e+02
5.790316552440369833e+02
6.111513801396761210e+02
5.631757419377181577e+02
4.552446354381706897e+02
6.458471881996304091e+02
4.483144767380719600e+02
4.057514890502226308e+02
4.268476860768869301e+02
3.483203633493629923e+02
5.118793747068011726e+02
5.118793747068011726e+02
4.480103533640107685e+02
4.480103533640107685e+02
5.870687576013281159e+02
6.010139072277072501e+02
5.247740006931707057e+02
5.738649602791909956e+02
3.940639180096341079e+02
3.940639180096341079e+02
3.909641937023325227e+02
3.929874227646295708e+02
3.981028409639371830e+02
3.981366674496342739e+02
4.935555629908536162e+02
4.391571447614975341e+02
2.980017915546854965e+02
3.036779727788654668e+02
3.036779727788654668e+02
3.636992696203853370e+02
4.930540688136600238e+02
3.379710288010452928e+02
4.219991492205107306e+02
3.447743414409799811e+02
4.073407171101808899e+02
3.211451540999612462e+02
2.893634370962680578e+02
3.532977722758624850e+02
3.808288788725563450e+02
3.195168229608487991e+02
4.271542046611980368e+02
3.074509781662375190e+02
4.644364334929145457e+02
5.319785673782279218e+02
5.250194804989995419e+02
5.301523087786372344e+02
5.301523087786372344e+02
5.301523087786372344e+02
5.711716556798098736e+02
5.711716556797887279e+02
4.694333009310770990e+02
4.751455682348555456e+02
3.132285549223630596e+02
4.087247180746813910e+02
4.084075820751333481e+02
5.157963112691970764e+02
5.157963112691970764e+02
5.044606748958690332e+02
3.724001843276180352e+02
3.670754307986236427e+02
4.369623834237190181e+02
3.792231847534965254e+02
3.792231847534965254e+02
3.793947633518671978e+02
4.736076210325545048e+02
4.544050103076160667e+02
2.821875624604964514e+02
4.725305092724233873e+02
4.725305092724233873e+02
4.725305092724233873e+02
2.921182346227472522e+02
2.921182346227776634e+02
5.089851275151605137e+02
6.273475496748006890e+02
5.187026629758105400e+02
4.973330034117184937e+02
4.551346421360504451e+02
3.930373611760238646e+02
4.935938268474052393e+02
4.105187502983907279e+02
4.120454440978864454e+02
5.161263334472749875e+02
4.403748632913863048e+02
5.392666325392269755e+02
3.925747543815593303e+02
4.700055596751158191e+02
4.580281505920507925e+02
5.369676705317701817e+02
5.234885478375312005e+02
5.262944705258496469e+02
4.955457654848331686e+02
5.266911510972427095e+02
5.006128141610702755e+02
4.324357581401680477e+02
4.970680643612905669e+02
4.559891333961861619e+02
4.146437415771108022e+02
5.172754508266997391e+02
4.664486295872126789e+02
5.390569069430000582e+02
4.895415369207056528e+02
4.378824303300212932e+02
4.971206205043601472e+02
4.972564421696313275e+02
5.196250726345745079e+02
5.733906473799588639e+02
5.192495861632532979e+02
4.957629404312174870e+02
3.400666918737789501e+02
4.888567389382569672e+02
4.726359154319757181e+02
4.927736234385760099e+02
5.774545284775921345e+02
5.381449176824567076e+02
4.837677024404820827e+02
3.472499634792801544e+02
5.733906473799588639e+02
4.479184831055071641e+02
5.194351905259626392e+02
4.930303918969100323e+02
6.091231315054079687e+02
4.596366361599625066e+02
4.474645744731860191e+02
3.961576683024908903e+02
5.034232406698739055e+02
2.857591255590896253e+02
2.476226670218917434e+02
2.514730249682269800e+02
2.100398266859111800e+02
5.116186973234954394e+02
3.618973097430201165e+02
5.272223354922839462e+02
6.459261103543785794e+02
4.993332574599137388e+02
6.359974780387258306e+02
5.189563528133636510e+02
4.804520819780965439e+02
4.740683275636416738e+02
4.212404780144977963e+02
3.741826298547000533e+02
5.087538311324539109e+02
5.039594173548916842e+02
5.271057120982716242e+02
3.875841924335603039e+02
4.332063074827362357e+02
4.033226416150450291e+02
4.649697799199498149e+02
5.217410699193985693e+02
3.703886067490629443e+02
3.650395543778025740e+02
3.619374976481198587e+02
5.432944423678682142e+02
4.638010359908453211e+02
5.283888556050462739e+02
4.551059835835466174e+02
4.641578094283607925e+02
4.124100423327217868e+02
6.118711804212241532e+02
6.402927684343869714e+02
4.563968246532091939e+02
4.914287848771350582e+02
3.968997345438554021e+02
4.967983791179912600e+02
4.967983791179912600e+02
4.735401697725865233e+02
3.706121505635172753e+02
4.129651201532504388e+02
3.600842576923189995e+02
4.603358374982011583e+02
4.603358374982011583e+02
3.472499634792779375e+02
3.205192944339974019e+02
4.808529070893944777e+02
3.978141723869816815e+02
5.201600165158488380e+02
3.734604707823812078e+02
5.174004244652384159e+02
3.470916007480868188e+02
2.879368280716936965e+02
5.013802858892014456e+02
4.212691650147880864e+02
4.212691650147880864e+02
4.884761705026454592e+02
4.884761705026454592e+02
4.884761705026454592e+02
4.541674795674717870e+02
4.541674795674717870e+02
4.614570651746444128e+02
5.881674427281026283e+02
4.996216439572185664e+02
4.961152301092328116e+02
5.016295573731487707e+02
5.058014855704554975e+02
5.537715556305990958e+02
6.022763830303492796e+02
4.484194202575063173e+02
5.416207514909301608e+02
5.556569964520348321e+02
3.406971929707399909e+02
4.161814239015391195e+02
3.453724006547616909e+02
4.018968691076337905e+02
4.253265167324942126e+02
4.250083481024657317e+02
4.265894031263321722e+02
3.414952753949748967e+02
3.354844500696172531e+02
3.868649120982800014e+02
4.122218733940497941e+02
4.058647923914979856e+02
4.893375749999669324e+02
4.583404816724915349e+02
4.583404816724915349e+02
4.169937750110482284e+02
3.822635135753982354e+02
3.762481552038065047e+02
3.762481552038065047e+02
3.980469549000390543e+02
3.249235240166178755e+02
4.854853994152828705e+02
5.978891404620685535e+02
4.161842191291938207e+02
3.932654675389474050e+02
2.466787729134877338e+02
4.174710636703495652e+02
4.016376336035873464e+02
4.757654615045424862e+02
4.102897446171290881e+02
4.118845855663918769e+02
4.118845855663918769e+02
4.118845855663918769e+02
4.102897446171290881e+02
4.888339667505126727e+02
4.912009562094480657e+02
4.619817037186352309e+02
3.984903900426118071e+02
3.912393394050199618e+02
3.912393394050199618e+02
3.912393394050199618e+02
4.930303918969100323e+02
3.905127272964965073e+02
3.933810652314188587e+02
3.915416824102484270e+02
4.569100585659887770e+02
3.311168544158745135e+02
4.088421919989584694e+02
4.839205066836286164e+02
5.070582524052315989e+02
5.670400536306350432e+02
4.258786372066134618e+02
4.316681429066451869e+02
4.735110165610361150e+02
5.411525547052564207e+02
4.324305238095899426e+02
5.127224297850378889e+02
5.127224297850378889e+02
5.127224297850378889e+02
5.127224297850378889e+02
5.127224297850378889e+02
5.295407204589230332e+02
5.375371679244265124e+02
5.375371679244265124e+02
5.375371679244265124e+02
4.353380190138281591e+02
4.302640364854927384e+02
4.318397748529627620e+02
4.318397748529627620e+02
4.318397748529627620e+02
5.196250726345745079e+02
5.057491395754251471e+02
5.054239417005842370e+02
4.437383659708872869e+02
5.427326891393211099e+02
5.085514784589059332e+02
3.557251229011144460e+02
3.254312541204126319e+02
5.179612638059854817e+02
3.655253514345895951e+02
3.671624273607375244e+02
4.438765396972208919e+02
4.438765396972208919e+02
4.205987161196815123e+02
4.227463960894040156e+02
3.619502584581917972e+02
3.617337949257312175e+02
3.687551241769352259e+02
3.684268584932106023e+02
3.658322240799462861e+02
3.552279668080997226e+02
2.830166767099554477e+02
5.024074986774908211e+02
5.426990558223915286e+02
3.916756862610288863e+02
4.295278708990734344e+02
3.635573051332431191e+02
3.400666918737316564e+02
4.886202588553755959e+02
3.842067738677512807e+02
4.072762334313551946e+02
3.865572195688382635e+02
4.739070611339989227e+02
5.409255361553171042e+02
4.831392022387143470e+02
4.729372906938667143e+02
4.088421919989584694e+02
5.067842898416739104e+02
4.437437264685154332e+02
4.437437264685154332e+02
4.437437264685154332e+02
4.729372906938667143e+02
4.207216610046755250e+02
5.372032080820030160e+02
5.372032080820030160e+02
4.580296497669091877e+02
5.900784995074302515e+02
4.675815107727256645e+02
4.409504746761942329e+02
4.226790104285951770e+02
4.226790104285951770e+02
4.226790104285951770e+02
4.367262465500807025e+02
5.614838832967956250e+02
5.614838832967956250e+02
5.614838832967956250e+02
6.160501855368302131e+02
5.448563544448686571e+02
5.201852947924944601e+02
6.027911432005975030e+02
5.243883031955815568e+02
5.245534765623167459e+02
5.884262365053753001e+02
6.783569570038580423e+02
5.808789251015906530e+02
5.605101119174939868e+02
6.411164305279495466e+02
6.411164305279495466e+02
3.743114108759386340e+02
3.743114108759386340e+02
3.983119936518261284e+02
3.488035276619254432e+02
3.436363371624099727e+02
4.524729561014827368e+02
4.767832267703335560e+02
4.570352046730593543e+02
6.258151555288607142e+02
5.519299591799517657e+02
5.419680222404895176e+02
5.772795005530526851e+02
5.709416029137507849e+02
5.709416029137507849e+02
5.711689018485773204e+02
5.739845942044057665e+02
6.259194745704269280e+02
6.100284253663239724e+02
6.077110880667761421e+02
5.474443134129820692e+02
5.478187657630244303e+02
6.530202486728990152e+02
6.075616240215714470e+02
5.446380400795189871e+02
5.392770544667275772e+02
6.227611504192805114e+02
5.399033769207203477e+02
5.404106701530473629e+02
5.893419429784280510e+02
5.910917148720382102e+02
6.468160696494661579e+02
5.616285423255573050e+02
5.581667078928030605e+02
5.921558114305771596e+02
5.917097783904662265e+02
5.921558114305771596e+02
5.687187108762674370e+02
5.951286125088761310e+02
5.697628634480331584e+02
4.414342908411514941e+02
4.983927291440414251e+02
5.779175072335876848e+02
5.230451160902678112e+02
4.345101879645323493e+02
4.136918372158544912e+02
4.531666898322602037e+02
3.980249948294976434e+02
4.739868577222919157e+02
3.711852893705687961e+02
4.930303918969100323e+02
5.964138480801972264e+02
5.196250726345745079e+02
4.140596000303372080e+02
4.192045989697015784e+02
6.910072639743621039e+02
3.914008855578836119e+02
3.087114250359573475e+02
3.567417735097892546e+02
6.277043952663528898e+02
6.763296056375141916e+02
6.380286249556656912e+02
6.276866594534926662e+02
4.753111373792807512e+02
5.787433266454618206e+02
6.387581856771317916e+02
5.498840694377580576e+02
5.168923667902530497e+02
5.789865426830518800e+02
5.407126610265760291e+02
5.401816356385568270e+02
5.017732215671753124e+02
4.722641122348832141e+02
5.479350111737811631e+02
5.151655166513982067e+02
5.886528868667871848e+02
5.860628896294435890e+02
4.665546730216478863e+02
4.812099055429821988e+02
7.296884003099421534e+02
6.082038633380532247e+02
6.081086043938845478e+02
6.224370412952509923e+02
2.993668869072653251e+02
5.474635702359164497e+02
5.474635702359164497e+02
3.501176531796918425e+02
3.308921334120116740e+02
4.594921759514119799e+02
4.523116597740786347e+02
1.981994198945101857e+02
4.046559795020427828e+02
4.084371648282293563e+02
4.575944006259274488e+02
4.580296497669091877e+02
5.120502004952477364e+02
4.412581740570829538e+02
3.757232474394011206e+02
3.051164876677399889e+02
3.427965024168689183e+02
4.105237842994102948e+02
4.768443466382088900e+02
4.625084048105701413e+02
5.296468401408671980e+02
3.053984552011129381e+02
5.040392617947713916e+02
5.040392617947713916e+02
5.040392617947713916e+02
4.348374032080841971e+02
5.504459791218891951e+02
5.086675893371814823e+02
4.295168969944160722e+02
3.893344311548481187e+02
4.120997571617974700e+02
4.207643844676732670e+02
4.406960963272925937e+02
3.753222027156399463e+02
4.592986399487091376e+02
4.592986399487091376e+02
3.923676757892021669e+02
5.359233616194652541e+02
5.434001844947300697e+02
5.434001844947300697e+02
5.043041410626263428e+02
5.043041410626263428e+02
5.043041410626263428e+02
5.559146053183458207e+02
3.955041870895246916e+02
4.403014227970045340e+02
3.963998426801920232e+02
3.527987891326343401e+02
4.511992921647209300e+02
5.076169452764519292e+02
5.069614604717194766e+02
5.073956297393159502e+02
5.052552173787342440e+02
3.760787338157656450e+02
3.218971981896820580e+02
4.229177055530095686e+02
5.402284869462134793e+02
5.402284869462134793e+02
5.402284869462134793e+02
4.448298118195785946e+02
4.820373201063486590e+02
4.820373201063486590e+02
4.820373201063486590e+02
4.511668751809327205e+02
4.188189460010682978e+02
5.500534982052660098e+02
5.329298111938906004e+02
5.069894750653461415e+02
4.833981363184752240e+02
5.761770344914796169e+02
4.280301165374203265e+02
5.358185014091312723e+02
4.557664016555314674e+02
4.563463674461369806e+02
4.744808344272752265e+02
4.520585453735922101e+02
4.749538519013422047e+02
4.365045092650860852e+02
4.367825625304643040e+02
4.010043720759999815e+02
4.753235892068158819e+02
4.275786072481560041e+02
4.290451779437347568e+02
3.434887973407826394e+02
4.072256324102646659e+02
4.072256324102646659e+02
3.976747856157876413e+02
4.440483211821034502e+02
4.694965331011024432e+02
4.142516835165416751e+02
4.022461638740450098e+02
3.970100998483641206e+02
5.039977198356516510e+02
4.411731308829971567e+02
4.068265773896883957e+02
3.875547228419896442e+02
4.437225179065096654e+02
4.182813807033579110e+02
4.184837050230089517e+02
4.312330443566736449e+02
5.242711550424236293e+02
4.679395637663369598e+02
5.417874368688894720e+02
4.585262556421715772e+02
3.526075713495600894e+02
4.119253241553544740e+02
4.791530656865743367e+02
4.207966996085525579e+02
4.783790861673385848e+02
4.982494265606536032e+02
3.819629322815881096e+02
5.083083426163724994e+02
3.921514058075181310e+02
3.246369234428915433e+02
5.122921828719282757e+02
4.906536612085042179e+02
4.964555544426377764e+02
4.389726064191136743e+02
4.503595911183262501e+02
4.851611768713875676e+02
5.249401782820694962e+02
3.671979082166240573e+02
4.106807558736860528e+02
3.082184758216916407e+02
4.598616460081328228e+02
4.598616460081328228e+02
4.598616460081328228e+02
4.598616460081328228e+02
4.598616460081328228e+02
4.067119042577796222e+02
4.099979537187174401e+02
4.099979537187174401e+02
4.115822324101682170e+02
4.187949936735877259e+02
5.087048406896577148e+02
4.539002543246889445e+02
5.382493254708762151e+02
5.382493254708762151e+02
5.119505907809380005e+02
5.479350111737811631e+02
1.851987718111835193e+02
3.040460222459637407e+02
4.249502776296621391e+02
4.207643844676732670e+02
4.447250269887630338e+02
4.868909166316488495e+02
4.297170267178662471e+02
3.734220370997274472e+02
4.894185007959521272e+02
3.959785854741479625e+02
4.668119067011555217e+02
3.576064225471999976e+02
4.121881856777254143e+02
4.121881856777254143e+02
4.671241899879779567e+02
4.892788746144208289e+02
6.159887127824041499e+02
4.532155531852831700e+02
4.326104549411289213e+02
3.912969053793505054e+02
5.354177589836768902e+02
4.445081392237898967e+02
5.064912098733741459e+02
4.643151479344234644e+02
4.376468810994545038e+02
4.487649245273833571e+02
4.847579664394878591e+02
4.532524752402716786e+02
4.129196294172213584e+02
5.296319723909252843e+02
6.593922239996569488e+02
3.785283725485304558e+02
5.499553485744451109e+02
3.654163826836640965e+02
4.412581740570829538e+02
5.402439115093227429e+02
4.848616657763562898e+02
3.983722443887509144e+02
5.834329823268332120e+02
4.224508217817707987e+02
4.333427539296629334e+02
4.422861036557337115e+02
3.409168495013474285e+02
5.820749575449908662e+02
3.919528757433009787e+02
3.682659973106232769e+02
4.780719797590743951e+02
3.460937814274277571e+02
4.064735524649548779e+02
3.920332614897764074e+02
4.713507096930707689e+02
4.204338116686972171e+02
3.975421894280892161e+02
4.592986399487091376e+02
5.166966697010504959e+02
5.166966697010504959e+02
5.189700037249268689e+02
4.710855764906841614e+02
3.932392519362256280e+02
3.178887766453008226e+02
5.046035605763687499e+02
4.855908639935991005e+02
4.855908639935991005e+02
4.855908639935991005e+02
4.484194202575063173e+02
5.259977924920873420e+02
5.104826923905172293e+02
5.104826923905172293e+02
4.206215510232257202e+02
5.015922259684994060e+02
3.619502584581917972e+02
4.243229596808429847e+02
4.243229596808429847e+02
4.120756318865607000e+02
4.238208131709574786e+02
4.067148185039441728e+02
4.003086852002827527e+02
4.003086852002827527e+02
4.003086852002827527e+02
3.496729386189010143e+02
4.156157920103204333e+02
2.816990053259875140e+02
4.118845855663918769e+02
4.102897446171290881e+02
4.118845855663918769e+02
4.118845855663918769e+02
4.667814124842561796e+02
4.868909166316488495e+02
3.912393394050199618e+02
3.912725021351329815e+02
4.440483211821034502e+02
3.905127272964965073e+02
5.428274534489555663e+02
4.004675286859167045e+02
4.569723930209733567e+02
4.569723930209733567e+02
3.451273828139067632e+02
4.027210419694640677e+02
5.431377136275353905e+02
5.089284834861137483e+02
5.089284834861137483e+02
3.395151989292486405e+02
5.362777106535826306e+02
5.362777106535826306e+02
5.866070236593330947e+02
5.866070236593330947e+02
5.038858975878439423e+02
4.941014301870109193e+02
4.241170159105368498e+02
6.313983495232553196e+02
6.298752905654692995e+02
6.321895958489433269e+02
6.305077493076880728e+02
4.321511233432406698e+02
4.321511233432406698e+02
4.850499540376264918e+02
4.872391228228966042e+02
4.713507096930707689e+02
5.426100777564707869e+02
4.319399346512189481e+02
3.674925643210484054e+02
4.563920043077249034e+02
4.209209760024687625e+02
4.441418073796575641e+02
3.622569094348510816e+02
3.688790933011549100e+02
3.919576959489347701e+02
4.866340324800326584e+02
4.866340324800326584e+02
4.866340324800326584e+02
5.126413858720928829e+02
5.132358849639941809e+02
5.052977638691352240e+02
5.083144700029615137e+02
5.394441042888474840e+02
5.734740740972382582e+02
5.167848355006417478e+02
5.317337063682184635e+02
4.569723930209733567e+02
4.907122888505688820e+02
3.984715400667514018e+02
4.975330229148408421e+02
3.687961431629556728e+02
3.812326287663845505e+02
3.462773637375557314e+02
4.984185393230771979e+02
4.984185393231100534e+02
3.925161060785396216e+02
3.673145837371760649e+02
4.387351081842730309e+02
4.387351081842730309e+02
4.387351081842730309e+02
5.033634109392577898e+02
5.033634109392577898e+02
5.033634109392577898e+02
3.664173281001681630e+02
4.556379861733302619e+02
4.556379861733302619e+02
5.792557443431755928e+02
3.877835708027723740e+02
4.200293775196582260e+02
4.736695787139228173e+02
4.499911887446147603e+02
4.521917341689327827e+02
4.963001731049760679e+02
4.183779143063363790e+02
4.826811279756302611e+02
4.387181959882129831e+02
4.387181959882129831e+02
4.387181959882129831e+02
4.543982144795911040e+02
3.374331235760382128e+02
4.387733663191573896e+02
4.859125140528595921e+02
4.859125140528595921e+02
4.915711045735060338e+02
5.220236083823627951e+02
3.140134402619953562e+02
4.794314212806051501e+02
4.539538928421875994e+02
5.109470891677414102e+02
4.736101797878105231e+02
5.906050165192694976e+02
5.413638559680291564e+02
5.914064948387897402e+02
3.966160714680303272e+02
3.535466354070049420e+02
4.386939801543202861e+02
4.386939801543202861e+02
4.386939801543202861e+02
3.662881348104991730e+02
5.046641713329016738e+02
5.046641713329016738e+02
4.534854660148927792e+02
4.766244377198805751e+02
4.894902770192161370e+02
4.788701033066853370e+02
5.229707668672152749e+02
5.229707668672152749e+02
3.001068965059891411e+02
2.997760850104472183e+02
3.688915725590658781e+02
3.717829857965600695e+02
4.423093002979139214e+02
5.868046159091853724e+02
2.282111496263123058e+02
3.384003234664655224e+02
2.225170452033032120e+02
3.966574296670142417e+02
3.611533716775360290e+02
4.571206026668471623e+02
4.571206026668471623e+02
1.868404119417114089e+02
4.182728826882523663e+02
4.182728826882523663e+02
4.182728826882523663e+02
3.934323534832994369e+02
2.976788474161419344e+02
4.755948588998177229e+02
4.755948588998177229e+02
5.045836337298429157e+02
5.045836337298429157e+02
4.042652027259599095e+02
3.266156138750631612e+02
4.407856219369977566e+02
4.407856219369977566e+02
4.407856219369977566e+02
4.647520465105910716e+02
2.640409774293432292e+02
2.637605363977173170e+02
3.298044238009850915e+02
2.637815126365242122e+02
2.587967510936189228e+02
2.588718997059376079e+02
4.041814442266156675e+02
4.041814442266156675e+02
3.984995717861474986e+02
3.984995717861474986e+02
3.984995717861474986e+02
3.879568052691506637e+02
3.879568052691506637e+02
3.879568052691506637e+02
5.332731933709742407e+02
7.066165760550882169e+02
3.640208594748258406e+02
3.403061958756704826e+02
4.738884596198321333e+02
4.542472744678642584e+02
4.987769328397964728e+02
4.396705230281270360e+02
5.403725610868799549e+02
4.320287296501271044e+02
4.668119067011555217e+02
4.840012674623920930e+02
4.391288422009870374e+02
5.099723345248038413e+02
5.829961222896048412e+02
4.536173653551795724e+02
5.307151773846104561e+02
4.655499097785439631e+02
4.838470180506476481e+02
5.094805137645776085e+02
5.098377988740962792e+02
5.517898730772952831e+02
5.431323232678241766e+02
5.370785362054692769e+02
6.384374299524029084e+02
6.523097993425756158e+02
7.068446286583581468e+02
8.964511655693294188e+02
8.560915383232086242e+02
4.420387197153532952e+02
3.432367492434263454e+02
6.263870820469169303e+02
7.128164341462521634e+02
5.188740163618214183e+02
9.281623251435244129e+02
7.037430908498171220e+02
5.959296144674315201e+02
5.623826286893495308e+02
6.012763337568276256e+02
5.956106664385526983e+02
6.016224565291054205e+02
5.901730776201245590e+02
5.901730776201245590e+02
5.609655322016807304e+02
6.430236946202705894e+02
4.902768989514107716e+02
3.578718766201246240e+02
3.499410681112246948e+02
4.255309722172405031e+02
3.828111951069497536e+02
3.444819837821375472e+02
3.499305486884167067e+02
3.287067175722187358e+02
2.845886474106812329e+02
2.518285267150352240e+02
4.185869608078473902e+02
5.123022942121539245e+02
4.348712353976623604e+02
4.348712353976623604e+02
3.678297629147963335e+02
5.024204820350985301e+02
5.609410016682996911e+02
5.296417124640850034e+02
4.566708619618524949e+02
4.566708619618524949e+02
4.572111180732850357e+02
4.243345490303312317e+02
5.024751077113402289e+02
5.392131361949736856e+02
4.461905765847299108e+02
4.459004165802179500e+02
4.459004165802179500e+02
4.459004165802179500e+02
4.234869976371429630e+02
4.234869976371429630e+02
4.234869976371429630e+02
4.561811233044102210e+02
4.223999846454657927e+02
3.623423377341729861e+02
3.690035285203209696e+02
3.690035285203209696e+02
3.690035285203209696e+02
5.005174059960311865e+02
4.437576627142175880e+02
4.497426023151703021e+02
4.671241899879779567e+02
4.350998284969908241e+02
5.093491462338228075e+02
4.941014301870109193e+02
4.985795357173014395e+02
4.858799332469695287e+02
4.971899717058890360e+02
5.122921828719282757e+02
3.562590674365114864e+02
3.733057760661115481e+02
3.733057760661115481e+02
5.174902540654643417e+02
5.865755060480357770e+02
5.034226567386643296e+02
5.594255707166896627e+02
5.365509924023727990e+02
4.749466646360137929e+02
4.961161888184424242e+02
6.840900278711404781e+02
5.354449967624000237e+02
5.911616824676577835e+02
6.107453551673947914e+02
5.880799541949089644e+02
5.310698061218263319e+02
5.854918131445351719e+02
6.308935819121777513e+02
5.799180711752392199e+02
5.264383134842905747e+02
4.035758527424125077e+02
3.454011218660967870e+02
3.459762377386679191e+02
3.459762377386679191e+02
3.459762377386679191e+02
3.459762377386679191e+02
3.408773059961714580e+02
3.510722888794389291e+02
3.510722888794389291e+02
3.510722888794389291e+02
3.471535446895525752e+02
3.264731147294390894e+02
3.609810406196110648e+02
5.928922855831870038e+02
4.087265801701944952e+02
3.813336289029168711e+02
2.675622375883236828e+02
2.651383399176769444e+02
2.731866525402228376e+02
2.139956756660833150e+02
2.550663949058192657e+02
2.528843430132282037e+02
3.471086163890757916e+02
2.593021603231438803e+02
4.195888450253405608e+02
4.410314506705911981e+02
5.616061920637628191e+02
5.361302856332437159e+02
4.292721762508897427e+02
6.086082502137213623e+02
5.168959907355733776e+02
7.088296207037703880e+02
6.039714155857575406e+02
3.959693262567334955e+02
4.555484151161589352e+02
3.458054565425402984e+02
4.753026163790670466e+02
5.475279586508723924e+02
5.779587676606535069e+02
5.065796168564419304e+02
5.072028927601274404e+02
5.059771290163768072e+02
4.415007755236140383e+02
4.415007755236034086e+02
4.415007755236140383e+02
4.415007755236034086e+02
4.666633808485494797e+02
4.425077587239238142e+02
4.064742314396557958e+02
4.059079293212290622e+02
4.758658059393524695e+02
5.060934561614137692e+02
4.279703823597768633e+02
4.025101769366517033e+02
4.025101769366517033e+02
4.294633575827833738e+02
7.643331514236053863e+02
3.436274492451506717e+02
3.436274492451506717e+02
4.004301318014213962e+02
4.004301318014213962e+02
3.435615864035017921e+02
3.479038911447342457e+02
3.479038911447342457e+02
3.479038911447342457e+02
4.808569536737857106e+02
4.808569536737857106e+02
4.725174018410948520e+02
4.254607593206928300e+02
4.330114679191516984e+02
4.330114679191516984e+02
4.330114679191516984e+02
4.330114679191516984e+02
4.330114679191516984e+02
4.254607593206928300e+02
4.487649245273833571e+02
3.976726101406446219e+02
4.062769079237326082e+02
4.445081392237898967e+02
4.435926864834176513e+02
4.178593459635187060e+02
4.931357791797394725e+02
5.884751359317128845e+02
5.376785531209047804e+02
4.850499540376264918e+02
4.887799514517507191e+02
4.695334763624188099e+02
5.122921828719282757e+02
4.821686728110096851e+02
5.692760681182789995e+02
5.479350111737811631e+02
4.908730191695452731e+02
4.941014301870109193e+02
4.671241899879779567e+02
5.657438534219492112e+02
3.383203781449333292e+02
3.515914955999209610e+02
3.515914955999209610e+02
4.404927084862740116e+02
4.223575409964993810e+02
3.884766057440160125e+02
4.566488358799073808e+02
3.114329286709065627e+02
5.540171426135096908e+02
5.102158416798720282e+02
5.672561647104894291e+02
5.396857416156174168e+02
5.319944927069532241e+02
5.645690427289032414e+02
5.645690427289032414e+02
5.645690427289032414e+02
4.482353814309375366e+02
4.482353814309092286e+02
5.279063052908438749e+02
4.889537416126779021e+02
4.559413141392091120e+02
4.531085054867991744e+02
5.460912539222578062e+02
4.623795946168680189e+02
5.378210376013792029e+02
5.378210376013792029e+02
5.176853173645517927e+02
5.068155962842991471e+02
4.658989536751692526e+02
5.266093575214035809e+02
5.266093575214035809e+02
5.418981460423345879e+02
4.482542954711624361e+02
4.482602344927400395e+02
4.291647944707533497e+02
5.366600386109437295e+02
6.270227130445697412e+02
4.076735266248994094e+02
5.764950643369902537e+02
4.445386067020903056e+02
5.043125285691733666e+02
4.953114711850356002e+02
4.435605898064129065e+02
4.645993587249280381e+02
4.331059215858423386e+02
4.487737545641554675e+02
3.130055745536726590e+02
4.477866211512556447e+02
5.865183491780084069e+02
5.865183491779669112e+02
5.913359675953134911e+02
3.825235460312270561e+02
4.435886376021964566e+02
4.233147599223383395e+02
5.028931999980999876e+02
5.068060054192967527e+02
5.068060054193054498e+02
5.068060054193054498e+02
4.047711362837797537e+02
5.656998128063032709e+02
3.321299054679000164e+02
4.391797236294481763e+02
3.255000027129453883e+02
4.553258953867106129e+02
6.126888749198905089e+02
4.334113635180263486e+02
2.963284488260925400e+02
5.031570799589733838e+02
5.031570799589733838e+02
5.031570799589733838e+02
4.792299075470529033e+02
4.792299075470529033e+02
4.083737269050715213e+02
4.047711362837797537e+02
3.818480517709073183e+02
3.775609087302685793e+02
5.442881429822631389e+02
5.442881429822631389e+02
5.732554437265908973e+02
5.732554437265908973e+02
5.732554437265908973e+02
4.974309102605020030e+02
6.470182950235493990e+02
4.858801849203844654e+02
4.089130314632587897e+02
4.083737269050715213e+02
3.618809300877335318e+02
3.613886469802982901e+02
4.497398902006889898e+02
3.594079120980545667e+02
4.472438847395589505e+02
4.792299075470529033e+02
4.681215326774060372e+02
3.456143015255088358e+02
2.803614259349234317e+02
2.755596640541106126e+02
4.004675286859167045e+02
4.185635757936273649e+02
3.718641434656288993e+02
4.560119036433532074e+02
5.164193622070166612e+02
4.440483211821034502e+02
4.418607557924528919e+02
4.182813807033579110e+02
4.590839327419535039e+02
4.514685508064883948e+02
4.237894937447705388e+02
3.636122343929809517e+02
4.939627556601337801e+02
5.837859934740450853e+02
4.435926864834176513e+02
3.888822197586021048e+02
4.399316338525521815e+02
4.664368463864749401e+02
3.460937814274277571e+02
3.859040763363719861e+02
4.667814124842561796e+02
5.301351162519645186e+02
4.206215510232257202e+02
4.784114678840736019e+02
5.007332385969612574e+02
3.648234394526776896e+02
4.754200832582772591e+02
4.754200832582772591e+02
4.754200832582772591e+02
5.418194944154259929e+02
3.615809639273197149e+02
5.398967596265865723e+02
3.177681082554069008e+02
4.206215510232257202e+02
4.753403782387274532e+02
4.667814124842561796e+02
4.939627556601337801e+02
4.844640104201762369e+02
5.206761125888667721e+02
4.062724559000690761e+02
4.440483211821034502e+02
5.830608998471390123e+02
5.135874265905808898e+02
4.965768624157732916e+02
3.759544892926073771e+02
4.334748212236816016e+02
4.936929183174648870e+02
4.740180314845407565e+02
4.272931501209068870e+02
3.808284647119454576e+02
3.408053263914382569e+02
4.601310062848191933e+02
5.042530043543530951e+02
5.042530043543530951e+02
4.775149469669532323e+02
4.351468266556585718e+02
5.305929991141638311e+02
5.252691640558958852e+02
5.048495413982878972e+02
5.541224085207991266e+02
4.206215510232257202e+02
4.226923392611653298e+02
4.182813807033578541e+02
3.968941119894271878e+02
4.405966830741450053e+02
4.272771886492773774e+02
4.898771025768581353e+02
4.058116344049523718e+02
3.492291486863344971e+02
4.835180328421166109e+02
3.980468154511545436e+02
4.318397748529627620e+02
4.025531509929432445e+02
5.635544437690190307e+02
4.203256831754031850e+02
4.841331937012677713e+02
4.184795987115093681e+02
3.474108210066488596e+02
5.140295828719710016e+02
4.578851462530333833e+02
4.578851462530333833e+02
4.578851462530333833e+02
5.501155202397241055e+02
4.435926864834176513e+02
4.543058551154155111e+02
5.469125479330052713e+02
4.462059211975300173e+02
4.462059211975300173e+02
5.179021241471834855e+02
5.132638038665610338e+02
5.132638038665610338e+02
5.147471537888673083e+02
4.994633209239069629e+02
4.994633209239069629e+02
4.553411221416154717e+02
5.251036272261338809e+02
5.030721425298576150e+02
3.189165103294903361e+02
4.735882542183048258e+02
6.282409708837004700e+02
5.179508302486168532e+02
5.179508302486168532e+02
5.420327938560271832e+02
3.619980722694067481e+02
5.379401705186326126e+02
5.379401705186326126e+02
3.561864673084788819e+02
4.169777160251748001e+02
4.710855764906841614e+02
5.045255678045942318e+02
5.045255678045942318e+02
5.045255678045942318e+02
5.276212910167354266e+02
4.004675286859862808e+02
3.974626938498289519e+02
4.135148973098143870e+02
4.529202046178571663e+02
4.761090566702039268e+02
4.919345847391447819e+02
4.721563038062740247e+02
3.436139333337555399e+02
5.018573314471344133e+02
3.783047255914418656e+02
2.086677181057448252e+02
5.756534669010177367e+02
4.524729561014827368e+02
4.524729561014827368e+02
5.034136531662547895e+02
5.052656428485958031e+02
5.281969058296875801e+02
3.537867085987745668e+02
4.287126406022480865e+02
6.273602520270715104e+02
5.394449172179819243e+02
4.974751686338827312e+02
5.132638038665610338e+02
5.132638038665610338e+02
5.220239787293252220e+02
4.069559230972096771e+02
5.000430421468262239e+02
4.061517296329009810e+02
5.875373442154301529e+02
4.471227473552144716e+02
4.961152301092328116e+02
2.712834127146364835e+02
3.100764415121225284e+02
3.464563809284587705e+02
4.460010611534668215e+02
4.083051225309775418e+02
3.910862417937259465e+02
4.818343169907433889e+02
4.818343169907433889e+02
4.818343169907433889e+02
5.357732584166604966e+02
4.981407786540173674e+02
5.347935701254182277e+02
5.312232895438886544e+02
5.040392617947713916e+02
5.040392617947713916e+02
5.097759701338185891e+02
5.097759701338185891e+02
5.097759701338185891e+02
4.731431751648184445e+02
4.731431751648184445e+02
5.452117331383736882e+02
5.452117331383736882e+02
5.235037419719983518e+02
5.235037419719983518e+02
5.205610751575402446e+02
5.205610751575402446e+02
5.166966697010504959e+02
5.520401954800441899e+02
3.457148263419643968e+02
3.410190055588003020e+02
4.272931501209774297e+02
4.105175213916401162e+02
3.940261388617567491e+02
3.687458961547555418e+02
5.114580592744127330e+02
4.002513393600845006e+02
3.716777873969389816e+02
4.825536350181603780e+02
3.966459357445701244e+02
3.889812494045331732e+02
3.172534083721563434e+02
5.046237346239998942e+02
5.046237346239998942e+02
5.308736605751911384e+02
3.691628009486828432e+02
4.198301573671723759e+02
3.513475569809501167e+02
4.345124791494891952e+02
5.048517982563970463e+02
5.109107164688961120e+02
5.109107164688961120e+02
5.975486408068649098e+02
4.868224621504095353e+02
4.868224621504095353e+02
5.409293269527382790e+02
4.982750567169244391e+02
5.006260505370251508e+02
5.401630468740228252e+02
6.203078954997114351e+02
5.964323489305115800e+02
5.296468401408671980e+02
5.296468401408671980e+02
3.160078633025061663e+02
3.893344311548481187e+02
4.905688676363286049e+02
4.296991556224541000e+02
4.114716418699671294e+02
4.114716418699671294e+02
3.722337310345818082e+02
3.138834990992718303e+02
3.140134402619953562e+02
4.807904740038106297e+02
4.761970191963950469e+02
4.780596717865459482e+02
3.053984552011129381e+02
4.381594106844347039e+02
4.381594106844347039e+02
4.381594106844347039e+02
5.375332531926597994e+02
4.575782773357137216e+02
3.852325940524835914e+02
5.188600425623428691e+02
3.341035609656781844e+02
4.319399346512189481e+02
4.911943639391296870e+02
3.507730031973341056e+02
4.088959757176755829e+02
2.786942912765691744e+02
5.240978445705543436e+02
4.924476895685696149e+02
4.636492605774906224e+02
4.636492605774906224e+02
4.636492605774906224e+02
4.354146839086250793e+02
4.968961084345702375e+02
4.387057935417931844e+02
4.387057935417931844e+02
4.387057935417931844e+02
5.861511719097520654e+02
5.861511719097520654e+02
4.975358690938076620e+02
4.183966841645694785e+02
4.766848775423381994e+02
4.264492207016060092e+02
5.045268438939913267e+02
4.833570598468995740e+02
4.833570598468995740e+02
4.749661631698659789e+02
5.471423276145884529e+02
5.414227889293433691e+02
5.256127165448001506e+02
5.184505138362048910e+02
5.380533447672677312e+02
5.380533447672677312e+02
5.380533447672677312e+02
5.380533447672677312e+02
5.380533447672677312e+02
5.393513701865539360e+02
5.393513701865539360e+02
5.393513701865539360e+02
5.393513701865539360e+02
5.393513701865539360e+02
5.393513701865539360e+02
5.030438338866485992e+02
4.781580163206154452e+02
5.109121123457370004e+02
5.109121123457370004e+02
4.820373201063486590e+02
4.820373201063486590e+02
4.820373201063486590e+02
4.511668751809327205e+02
4.960578150610632520e+02
4.974045422142676216e+02
4.974045422142676216e+02
4.974045422142676216e+02
5.054989003058587400e+02
5.257598972378361850e+02
4.501148185758730733e+02
4.501148185758730733e+02
4.501148185758730733e+02
4.846972698530620960e+02
4.629992963345444537e+02
4.729836367477044519e+02
5.019735303608181312e+02
5.019735303608181312e+02
5.019735303608181312e+02
5.180896949549443207e+02
5.083845602507821013e+02
6.575806544574036252e+02
5.044750876302173879e+02
5.040266810928531527e+02
6.360607063947288680e+02
4.959720589388521148e+02
4.959720589388521148e+02
4.959720589388521148e+02
6.164351284026197391e+02
4.739320207652521049e+02
3.792186111173052154e+02
5.416542369319330419e+02
5.416542369319330419e+02
5.416542369319330419e+02
4.043469238042983420e+02
5.237832846612167259e+02
4.365045092650860852e+02
4.367825625304643040e+02
3.149553797807593583e+02
3.074225633523511760e+02
3.669142149825771639e+02
4.408847038490684440e+02
3.884915938298103129e+02
3.865572195688382635e+02
3.881809262406017638e+02
4.886202588553755959e+02
4.306363383357869452e+02
4.306363383357869452e+02
3.863530124427100532e+02
3.863530124427100532e+02
3.842067738677512807e+02
3.859933730881747351e+02
3.812326287663386211e+02
4.648761431359498602e+02
4.648761431359498602e+02
4.630035065670693939e+02
4.116709330090771459e+02
4.116709330090771459e+02
4.072762334313551946e+02
4.206215510232257202e+02
3.730808986275548023e+02
4.122694346738391005e+02
4.122694346738391005e+02
3.731714321624551758e+02
3.731714321624551758e+02
3.127130260688629164e+02
3.123573809198513800e+02
3.214076446277850323e+02
4.379710052397044251e+02
3.844413274439680777e+02
3.844413274439680777e+02
4.711360909830488026e+02
4.711360909830488026e+02
4.711360909830488026e+02
4.196527373282388567e+02
4.064603724398462532e+02
4.017045264367356481e+02
4.057511455485324063e+02
3.705082636674789001e+02
4.182329060957286515e+02
2.985867619527595025e+02
5.060642039047334038e+02
4.400543869252633726e+02
5.301351162519645186e+02
4.798694953618197587e+02
4.802362436824112137e+02
3.448401769961394621e+02
3.805269404251918104e+02
3.035952477974230987e+02
3.938180197285450390e+02
3.887924868391165774e+02
5.905297362317096486e+02
5.460444564382148656e+02
3.875547228420253987e+02
5.014156094783879212e+02
5.014156094783879212e+02
4.184837050230190698e+02
3.523376316142737323e+02
4.239309438440737381e+02
3.968941119894271878e+02
5.086458886231404790e+02
4.585262556421524778e+02
3.296764207853306630e+02
4.160179638590265085e+02
3.945706838421997418e+02
3.873758297198851324e+02
4.631561066416711583e+02
4.944847861483425504e+02
4.645622067342818582e+02
4.595994275505925089e+02
4.595994275505925089e+02
4.595994275505925089e+02
4.595994275505925089e+02
4.595994275505925089e+02
4.433694771820036067e+02
4.433694771820036067e+02
3.972262804325469574e+02
3.855084087664487242e+02
4.616746498482193601e+02
4.523192108189294913e+02
4.523192108189294913e+02
6.195455330300163723e+02
3.667638879588724308e+02
3.564080837574421139e+02
4.480090126110050619e+02
4.411427293214729843e+02
4.230881535744723578e+02
3.671294283967325782e+02
3.563061960530342276e+02
3.563061960530342276e+02
4.319843478890947495e+02
4.319843478890947495e+02
2.895380698522690182e+02
3.875841924335603039e+02
4.237274206425389025e+02
4.570442193039033896e+02
4.570442193039033896e+02
4.570442193039033896e+02
4.941014301870109193e+02
4.906536612086129026e+02
4.162634135137288354e+02
5.394304401553254138e+02
4.531692531849775492e+02
4.531692531849775492e+02
4.531692531849775492e+02
3.973304155423274437e+02
6.074087218653538685e+02
6.074087218653538685e+02
3.985085609578823664e+02
3.637205659842812793e+02
3.637205659842920227e+02
6.064192825758290155e+02
5.371321464684817784e+02
6.566764406297281766e+02
6.619678044594236326e+02
5.221816420327772903e+02
6.489090787811844621e+02
3.325902402326332776e+02
3.912879977211759979e+02
3.612177614151210037e+02
3.905126704675894871e+02
5.075020973692661528e+02
4.573777159121526097e+02
4.028954744270110950e+02
4.242262912599130118e+02
3.919528757433009787e+02
3.708967540550677882e+02
4.456657997443854242e+02
4.710855764906841614e+02
4.177804374257685254e+02
3.711030060216231732e+02
3.711030060216316429e+02
4.467870831880359219e+02
3.936934242397493904e+02
4.366432861344405865e+02
4.731209609378869914e+02
3.858227716016920112e+02
3.389267417554269173e+02
4.341031099138575087e+02
3.912969053793505054e+02
3.912969053793505054e+02
3.912969053793505054e+02
4.445081392237898967e+02
4.643151479344234644e+02
4.643151479344234644e+02
4.643151479344234644e+02
4.611226915990715725e+02
4.637625420138261916e+02
4.637625420138261916e+02
4.637625420138261916e+02
4.637625420138261916e+02
4.611226915990715725e+02
4.637625420138261916e+02
4.637625420138261916e+02
4.637625420138261916e+02
4.637625420138261916e+02
4.611226915990715725e+02
4.844640104201762369e+02
4.383995945038647619e+02
4.383995945038647619e+02
4.383995945038647619e+02
4.383995945038647619e+02
3.905126704675894871e+02
3.905109875686268310e+02
3.934735656512448259e+02
4.694463938373767178e+02
5.934590088803017807e+02
3.578007761209588580e+02
4.287793381140965039e+02
4.181144402673702984e+02
4.181144402673702984e+02
4.348712353976623604e+02
4.346420751512415563e+02
3.674925643210484054e+02
3.674925643210484054e+02
4.563920043077249034e+02
4.209209760024687625e+02
5.023991693607354705e+02
4.459004165802179500e+02
4.441418073796575641e+02
4.456138572735143839e+02
4.456138572735143839e+02
4.441418073796575641e+02
4.231208430218395620e+02
5.115748612994120776e+02
3.620328596285116873e+02
3.620328596285116873e+02
3.620328596285116873e+02
3.688790933011549100e+02
3.688790933011549100e+02
3.685495589915924484e+02
3.685495589915924484e+02
3.685495589915924484e+02
3.685495589915924484e+02
3.685495589915924484e+02
3.685495589915924484e+02
3.688790933011549100e+02
3.688790933011549100e+02
3.560873753348683977e+02
3.727642520656225997e+02
3.727642520656225997e+02
3.489535230791169056e+02
3.420227319131931836e+02
4.300743324434410511e+02
5.279538819792251161e+02
3.208634970736515015e+02
5.712231502069291764e+02
5.399301512914390742e+02
5.399301512914390742e+02
4.524815055349075692e+02
5.944489299596577894e+02
3.790432729191486487e+02
4.326122785102649573e+02
4.326122785102655257e+02
4.569292944159920467e+02
4.659314757092050172e+02
4.659314757092050172e+02
4.547622472173277970e+02
5.015843793950724034e+02
5.015843793950724034e+02
5.015843793950724034e+02
5.015843793950724034e+02
5.362596919034654093e+02
5.362596919034654093e+02
4.758900266577043681e+02
3.808284647118600788e+02
3.098917780643180322e+02
5.453728562452562301e+02
4.004675286859167045e+02
5.106904357018511860e+02
5.106904357018511860e+02
3.961238707025082704e+02
3.961238707025082704e+02
4.407236251379523537e+02
3.759544892926073771e+02
3.828044047842394662e+02
5.104184885156170139e+02
5.104184885156170139e+02
5.104184885156170139e+02
5.626153454472582780e+02
4.509131952460670050e+02
5.378463503094988027e+02
4.876868224978353510e+02
4.876868224978353510e+02
4.876868224978353510e+02
4.070632981565555610e+02
4.070632981565555610e+02
3.905127272964965073e+02
4.974751686338827312e+02
5.184245396788909375e+02
5.835093696454351857e+02
4.556035387764732718e+02
5.124505857701378773e+02
3.815733137238968880e+02
4.977597894767322373e+02
4.977597894767322373e+02
5.565980881454552218e+02
5.346889582654716833e+02
3.049122396475561345e+02
5.732339146062518012e+02
5.922324030521266423e+02
4.177897475143199699e+02
4.395124220903898049e+02
4.321511233432406698e+02
4.321511233432406698e+02
4.321511233432406698e+02
4.850499540376264918e+02
4.289167824873862855e+02
4.156255074832299101e+02
6.272275719938643306e+02
6.282639019607015598e+02
6.259304700642466059e+02
6.279542998586425711e+02
4.121881856777254143e+02
4.121881856777254143e+02
4.121881856777254143e+02
4.671241899879779567e+02
4.892788746144208289e+02
4.093403089260689285e+02
4.090850234600000590e+02
4.733655770485338508e+02
4.809355040850487626e+02
3.961238707025009944e+02
3.961238707027120540e+02
3.961238707025082704e+02
3.966727026630884438e+02
3.356404942767251782e+02
2.956291734453309346e+02
4.995519568005355495e+02
4.511992921647209300e+02
4.148646805942606761e+02
5.792557443431755928e+02
3.458987812369315975e+02
3.458987812369315975e+02
3.458987812369315975e+02
2.699614399830551292e+02
3.244765714022192924e+02
3.954036714315845984e+02
3.455896438380547124e+02
3.455896438380547124e+02
5.469440821060937878e+02
5.026474585501714500e+02
4.419283436480211549e+02
4.024221775184411740e+02
4.010043720759999815e+02
4.753235892068158819e+02
4.753235892068158819e+02
4.275786072481560041e+02
4.275786072481560041e+02
4.275786072481560041e+02
4.253265167324942126e+02
4.271966767516020127e+02
4.271966767516020127e+02
4.271966767516020127e+02
4.253265167324942126e+02
4.440483211821034502e+02
4.019768877275896557e+02
4.019768877275220120e+02
4.290451779437347568e+02
4.002869234326664127e+02
3.434887973407826394e+02
3.432934194785631803e+02
3.432934194785631803e+02
3.478322137212092002e+02
3.478322137212092002e+02
3.478322137212092002e+02
3.476421703067999829e+02
3.476421703067999829e+02
4.807267324513864537e+02
4.803783005505214874e+02
4.803783005505214874e+02
4.323787061521025521e+02
4.061517296329009810e+02
5.403633275952257691e+02
4.781489966443850790e+02
3.410388208503883902e+02
3.711852893705640781e+02
4.140596000303372080e+02
4.099630054419316139e+02
3.379512283538293218e+02
3.512539952877503993e+02
4.208371879776185551e+02
4.275936294234700199e+02
5.861511719097520654e+02
5.861511719097520654e+02
5.050684651154399489e+02
5.520401954800441899e+02
5.188600425623428691e+02
5.188600425623428691e+02
4.908087235287177350e+02
4.876868224978353510e+02
4.876868224978353510e+02
4.876868224978353510e+02
4.833981363184752240e+02
5.430619722910157634e+02
5.809686365957518319e+02
5.899110726129654267e+02
5.788462981301310037e+02
5.164193622070166612e+02
5.225928926254866838e+02
5.046994115154411134e+02
4.911943639391296870e+02
4.911943639391296870e+02
6.182768373060741851e+02
4.600220751597080380e+02
5.883100618465169873e+02
5.838819997539668520e+02
5.838819997539668520e+02
5.052977638691352240e+02
4.988360482282623707e+02
5.010902254291160034e+02
4.992721333092456462e+02
5.797937785252673848e+02
4.072832884942903320e+02
4.302221812042318447e+02
3.756570255920816521e+02
4.152025732427231901e+02
4.499190719713546969e+02
4.370483815452210479e+02
4.307105355025162226e+02
3.963998426801889536e+02
4.454026771353933327e+02
4.724124908108324234e+02
4.723577810522446612e+02
4.101472378762504718e+02
3.559370259686493796e+02
3.536946364030638961e+02
3.527987891326352496e+02
4.475783540724593763e+02
4.331094015961274408e+02
3.964642067457351686e+02
3.938547824319516053e+02
3.913755544531884993e+02
3.416557747244125949e+02
3.438307665807286639e+02
4.904983226294378937e+02
3.956009032910966425e+02
3.886790357187879295e+02
4.562602364727806048e+02
4.562602364727806048e+02
4.562602364727806048e+02
4.459171665670896232e+02
3.477900636259055318e+02
4.580281505920507925e+02
4.580281505920507925e+02
4.580281505920507925e+02
4.205458557075983208e+02
3.194083785896214067e+02
4.359825675050951759e+02
5.266304346897095456e+02
3.625031939753441748e+02
3.360382872947611759e+02
4.567148494746194274e+02
3.790432729191486487e+02
4.326122785102649573e+02
4.326122785102649573e+02
6.298551378121211428e+02
6.298551378121211428e+02
4.567148494746194274e+02
4.885543293356449794e+02
4.885543293356449794e+02
4.885543293356449794e+02
4.657403866624475199e+02
4.253785595680071197e+02
4.253785595680071197e+02
4.253785595680071197e+02
4.983158873845242169e+02
3.881552019953903709e+02
4.348268846466916671e+02
4.567148494746194274e+02
4.567148494746194274e+02
4.567148494746897427e+02
3.478671153487105130e+02
3.902502295802445360e+02
3.902502295802445360e+02
3.484652139058709963e+02
4.715488893313488461e+02
4.503474504426870908e+02
4.178191917417286732e+02
5.234548901846177387e+02
5.106904357018511860e+02
5.106904357018759129e+02
5.106904357018759129e+02
5.106904357018759129e+02
5.106904357018759129e+02
5.106904357018759129e+02
5.106904357018511860e+02
5.612619528643775766e+02
5.358123171043092725e+02
5.341181862659905164e+02
5.279538819792251161e+02
4.364398247361236827e+02
4.364398247361236827e+02
4.364398247361236827e+02
3.882326558561835554e+02
5.695097150412821065e+02
3.598731013676223256e+02
4.204731199647490030e+02
4.204731199647490030e+02
3.300789993257560582e+02
5.127187165153175101e+02
5.127187165153175101e+02
4.504291647982324207e+02
4.309900926075295615e+02
3.414811774745538742e+02
4.736695787139228173e+02
3.947441267948049131e+02
3.947441267948049131e+02
3.594447782283240258e+02
4.378811754873902373e+02
3.077905133717904391e+02
2.524665768115658864e+02
5.768813656425691079e+02
4.749384843614643614e+02
4.749384843614643614e+02
5.077412626188340710e+02
4.303256385721250012e+02
5.197206041265252452e+02
3.475724734409448047e+02
2.762385046436974108e+02
5.850733278171593383e+02
4.234474025711807599e+02
3.921617986641938387e+02
4.873085928570972669e+02
4.864473833098409159e+02
4.276432449592705325e+02
5.496518709487756951e+02
4.630305728693523406e+02
5.674740809267372015e+02
5.674740809267372015e+02
5.644641060385131368e+02
5.644641060385131368e+02
5.811461207083195859e+02
5.811461207083195859e+02
5.378654536227666085e+02
5.498359734327988235e+02
5.302866183406887330e+02
5.319004940556467318e+02
5.319004940556467318e+02
5.300927717233075782e+02
5.300927717233075782e+02
6.980017374242524966e+02
3.146504920545658592e+02
5.094805137645776085e+02
5.723197555386368549e+02
6.280381285241171554e+02
5.234548901846177387e+02
5.567248273977879762e+02
5.567248273977726285e+02
5.567248273977879762e+02
5.364051327206889255e+02
5.364051327206889255e+02
5.364051327206889255e+02
5.587105171507350860e+02
5.000327580293655956e+02
5.657594197696845413e+02
5.663862641101663939e+02
5.774583921131246598e+02
5.899761791751313922e+02
5.957156700321007747e+02
5.957156700321007747e+02
4.436298025274073211e+02
5.021205106919435934e+02
4.485244128068278542e+02
4.070156592822178254e+02
4.730247484381906133e+02
4.067710161162944473e+02
5.353879314651422874e+02
4.878235880600856831e+02
3.891918190079307465e+02
5.200926294353113235e+02
5.836278770112918437e+02
5.215127939562009942e+02
4.567862495929314264e+02
4.563844800646997442e+02
5.634604223697493808e+02
6.326511204247992737e+02
5.650086230072707849e+02
4.993600772606299643e+02
4.328937914905752677e+02
4.323598155496673598e+02
3.767149699212488940e+02
3.281855349756816622e+02
4.175211167665744938e+02
3.477144579869696486e+02
4.235513246219099983e+02
4.200038853959337075e+02
3.922338266096234065e+02
5.022423519366772098e+02
5.254738060498398227e+02
5.254738060498398227e+02
5.254738060498398227e+02
5.050111100033801677e+02
5.050111100033741991e+02
5.359025806886962755e+02
7.044450577706192007e+02
4.941455292265875414e+02
5.876036210331203620e+02
6.065498769529692709e+02
6.216219398168273074e+02
5.846989890076433767e+02
6.681677924851690022e+02
4.059366648237998447e+02
3.947787637757903099e+02
4.582302326820044414e+02
4.124928234047052911e+02
6.023145140599689284e+02
5.028886647996331476e+02
4.704544824679642829e+02
5.349964792082258782e+02
4.925036023003981427e+02
4.920729144374590760e+02
4.920729144374590760e+02
4.624449394890136205e+02
4.624449394890136205e+02
4.624449394890136205e+02
4.624449394890136205e+02
4.918334374262513506e+02
4.094363949200400157e+02
4.900828396404435807e+02
4.941014301870109193e+02
4.750772045492622624e+02
5.323975478982565619e+02
5.080944392082882359e+02
6.011378282852243728e+02
5.820743375585518606e+02
6.259647520436857349e+02
5.599062429678766648e+02
3.810736862995505589e+02
5.030369795082132782e+02
5.674049853258444500e+02
9.675510961653825461e+02
6.919322296718323742e+02
5.908769582378694167e+02
5.652342890165729159e+02
6.108386946096385373e+02
5.982562377779959206e+02
6.145478872858996056e+02
5.629562335924061927e+02
5.991765033135209251e+02
6.117704256737565629e+02
3.895733564767764392e+02
3.820804543320350035e+02
3.830929097341181659e+02
5.659031594275081716e+02
4.344662704949985823e+02
5.659031594275081716e+02
5.419012901869663210e+02
4.330832099184209483e+02
5.013910635013720025e+02
3.913754875163483007e+02
5.064684192743168296e+02
5.727129795557012812e+02
4.796302590626590359e+02
4.499577382325005601e+02
5.067540949313327587e+02
5.486047755736279896e+02
4.648853369949800367e+02
4.643151479344234644e+02
4.643151479344234644e+02
4.388955991484567676e+02
4.388955991484567676e+02
4.388955991484567676e+02
4.744589924274092141e+02
3.937008641151080610e+02
3.905157067119824319e+02
3.935674432155119575e+02
3.935674432155119575e+02
3.935674432155119575e+02
3.935674432155119575e+02
3.935674432155119575e+02
4.596128509790107728e+02
3.970218223123719667e+02
4.850499540376264918e+02
4.938797210085607503e+02
4.533701690278309684e+02
5.765578194499897791e+02
5.134628693306159448e+02
5.122921828719282757e+02
5.107570542462345315e+02
4.969158541390245887e+02
4.501719859211106609e+02
4.705833113338303519e+02
5.792557443431755928e+02
5.302052344475524706e+02
4.941014301870109193e+02
3.898567280530768357e+02
3.995858804511436801e+02
3.995858804511436801e+02
3.995858804511436801e+02
3.902686573623102504e+02
3.587494216471247341e+02
4.133691063465989259e+02
4.300197694969585882e+02
4.013652296256067871e+02
3.783047255914418656e+02
4.043687613307129709e+02
4.246103802023939124e+02
3.081626809967858662e+02
3.402521009100944411e+02
3.942871297401344464e+02
2.683555954403059332e+02
3.558977175096805468e+02
5.364015897126265600e+02
5.237477044051281609e+02
4.998777357555548519e+02
4.290449874970161090e+02
5.486981422134647346e+02
4.271285168000271142e+02
4.322830801546251109e+02
4.509745325470875628e+02
5.564985343978039509e+02
5.392649363384177832e+02
8.328001167973360452e+02
6.378771483818903789e+02
3.592153384381416004e+02
4.729446019234946448e+02
4.319210893398009716e+02
5.231127344083246271e+02
6.081832539235398372e+02
5.733040219673562206e+02
5.663450261212728947e+02
5.663450261212728947e+02
5.230151564776143687e+02
5.781247364054680702e+02
6.231013295898175102e+02
6.273617916070088540e+02
5.215536310699757223e+02
3.150970248417814332e+02
3.161512082637073036e+02
3.161512082637073036e+02
3.075547134591439544e+02
3.240449138390433745e+02
4.009159199983319013e+02
3.119316611734851676e+02
5.695491935986207181e+02
4.560483232014416899e+02
4.270654406703536665e+02
3.806428106547887182e+02
4.390719325869557679e+02
5.220158609181945621e+02
4.932749250841284265e+02
2.247979335406579366e+02
4.718983244323590043e+02
4.602116450934692580e+02
2.528767337891497107e+02
4.155294965545986088e+02
3.069758907830640737e+02
4.905578295410253986e+02
4.690816676305960300e+02
4.730345915625487692e+02
4.280281165656471103e+02
4.280281165656471103e+02
5.391602275905879651e+02
4.578672577969365420e+02
3.674469435000005433e+02
4.414761425928351741e+02
3.884915938298103129e+02
3.182707112427873994e+02
4.184824774086654884e+02
4.648112658542403892e+02
4.877806758341403111e+02
5.579232876279984339e+02
4.905894112093485546e+02
4.908977251320997084e+02
4.902804392820281123e+02
4.902804392820281123e+02
4.972564421696313275e+02
4.231002492274369047e+02
4.231002492274369047e+02
4.909406602675045974e+02
4.313817995378490195e+02
3.867210661441716866e+02
3.863530124427100532e+02
3.863530124427100532e+02
4.653403993387387345e+02
4.642207111545509974e+02
4.123863653494969412e+02
4.116709330090771459e+02
4.116709330090771459e+02
3.735756242036661661e+02
3.735756242036757158e+02
4.808465372664695678e+02
4.127848912059490658e+02
7.546193115983629696e+02
3.643518992856662635e+02
3.128468236481667191e+02
3.215510051197723556e+02
3.215510051197723556e+02
4.381284114779367656e+02
4.261682199318930202e+02
4.712339595813685946e+02
4.637276250349436850e+02
4.059434690624838140e+02
4.198712186005617468e+02
4.198712186005617468e+02
4.066556982727734635e+02
4.059434690624838140e+02
3.706516456313562458e+02
3.787742481372999919e+02
5.010479276019955819e+02
3.207710262380641666e+02
2.987170363518714566e+02
3.071449815315242517e+02
3.071449815315242517e+02
4.209209760024687625e+02
3.888057427854413390e+02
5.397686948255801553e+02
4.755684833380621512e+02
5.307265593265326515e+02
4.671241899879779567e+02
4.722724082078456718e+02
4.471770868920338557e+02
5.122921828719282757e+02
4.941014301870109193e+02
4.068556992249011728e+02
5.221816420327772903e+02
4.850499540376264918e+02
5.410479299899380976e+02
4.445081392237898967e+02
5.833976393777337535e+02
3.040584890477790054e+02
3.259092937148544706e+02
4.294362702536083702e+02
4.294362702536083702e+02
2.814680426907877973e+02
2.730048142130001452e+02
2.724726653133446348e+02
3.839465863158022785e+02
2.728723563003468939e+02
3.225733044292985596e+02
4.174265345272847867e+02
4.058981058080084381e+02
3.308287777602952815e+02
2.730809933847110074e+02
2.981302266878772116e+02
3.557764614991648386e+02
3.518662188189369999e+02
4.858030515386896582e+02
3.308287777602952815e+02
4.438638019005534261e+02
3.234782381421954369e+02
2.730048142130001452e+02
2.724726653133446348e+02
2.845886474106812329e+02
3.538623156224233526e+02
3.308287777602952815e+02
3.308287777602952815e+02
4.925298937523297695e+02
3.891969096372146737e+02
5.159579712853208093e+02
3.729505264385529699e+02
2.659762641384805875e+02
3.034204846783605944e+02
4.455990958659169792e+02
2.440074781833680788e+02
4.208558481602639176e+02
5.343186254049142008e+02
3.948996376158598878e+02
5.031667082466899501e+02
5.098796345516534529e+02
4.042224732872405184e+02
5.697037912120690635e+02
4.543058551154155111e+02
4.496939573489848954e+02
5.574117881777816592e+02
5.906197476896020362e+02
5.919992705916579325e+02
5.919992705916579325e+02
4.454549919772805424e+02
5.848283921988157772e+02
5.149160809047081102e+02
5.913052991208959384e+02
6.241642554386979782e+02
5.066487841876299285e+02
5.361373274839447731e+02
5.505156055945241178e+02
5.260895049808416388e+02
4.982750567169244391e+02
5.145017167032134466e+02
4.629992963345444537e+02
5.838966126136450612e+02
4.120014257665834521e+02
6.594148026707130157e+02
5.921408801846714596e+02
5.921408801846714596e+02
6.675044060939495694e+02
5.927399219699716468e+02
5.927399219699716468e+02
5.860988015887722895e+02
5.923891495153347933e+02
5.912803104839748585e+02
5.734168712703284427e+02
6.084222341062667283e+02
6.155719379550633903e+02
5.396676856623744243e+02
5.052977638691352240e+02
4.990691139972904011e+02
4.990691139972904011e+02
4.990691139972904011e+02
4.536244585377510248e+02
5.014527770129062674e+02
4.972325779803799151e+02
5.374130358449583582e+02
5.215128025633849802e+02
5.215128025633849802e+02
5.573334350674240341e+02
5.307354179316600948e+02
5.293833937550581368e+02
5.052977638691352240e+02
5.301351162519645186e+02
5.167848355006417478e+02
5.791453088820657058e+02
4.817833356206437543e+02
5.510330157073601640e+02
5.351321517017020142e+02
4.814632902784496764e+02
5.020537769291080394e+02
5.330554685274837539e+02
5.261545043046899082e+02
4.473477247778791934e+02
4.566191514021792841e+02
5.920889034687173762e+02
5.192118874598024831e+02
5.039667981004150192e+02
4.805126333444148372e+02
5.714793892675595544e+02
5.225353603001804004e+02
6.433888298994082788e+02
5.863757310935993701e+02
5.863757310935993701e+02
5.575467984849581171e+02
4.422896802679073858e+02
5.230420379704789866e+02
5.272797723797682465e+02
5.015156571784963262e+02
5.349259851169134663e+02
5.130367662261267014e+02
5.171890672065899253e+02
4.833981363184752240e+02
4.837174789311687277e+02
4.837174789311687277e+02
5.263350855321938297e+02
5.263350855321938297e+02
5.107825208277910747e+02
5.107825208277910747e+02
5.242711550424236293e+02
5.216011333069336615e+02
5.030438338866485992e+02
5.030438338866485992e+02
4.568779427360713044e+02
5.831841597471337764e+02
5.359074297379214613e+02
5.359074297379214613e+02
5.359074297379214613e+02
5.909946727987723989e+02
5.909946727987723989e+02
4.776765617691581838e+02
5.064058910491463621e+02
5.844358289508069220e+02
6.032073995906213213e+02
7.290932141084446130e+02
5.771912864993828407e+02
5.302122971746088069e+02
5.283674178022123442e+02
4.329168685071969662e+02
4.648297930019752471e+02
5.217545302178581323e+02
4.532449032175134107e+02
7.219828444652569033e+02
4.394101354129245465e+02
4.497256074984862835e+02
4.440283165759749409e+02
4.236545814909462706e+02
4.899935506670535119e+02
5.027413766701883446e+02
4.215901799394314935e+02
3.887703680859375481e+02
4.799429969065672026e+02
5.040854488557015429e+02
5.040854488556967681e+02
4.707640922380384723e+02
4.626348791305390478e+02
5.384543552288301953e+02
3.161536040635005520e+02
4.423421431844901690e+02
4.073458258808846608e+02
2.456478510510748379e+02
4.273881530540359677e+02
4.279453114161663052e+02
4.535408955819701760e+02
4.537722535200662719e+02
4.754934907050397896e+02
4.757654615045424862e+02
3.834740949137357120e+02
4.032735234780095084e+02
4.038261156025712921e+02
3.783753299638615886e+02
3.399182443027488034e+02
3.395038378884463555e+02
4.693490876497591557e+02
4.285009417287799920e+02
3.979256986090388750e+02
3.658152544744138481e+02
3.651147925837011599e+02
4.423043193242758662e+02
3.617405187809265499e+02
3.298044238009850915e+02
3.673145837371760649e+02
3.520957899252078391e+02
2.395443517920260490e+02
3.355652520059513790e+02
2.520668239694126385e+02
3.584294907851493122e+02
4.378533285656887415e+02
4.378533285656887415e+02
5.257098993644284519e+02
4.508775683733888400e+02
5.542172670855476326e+02
4.276481965854919167e+02
4.459171665670896232e+02
3.650955848456003423e+02
3.812326287663845505e+02
3.976747856158285686e+02
3.412315462076006725e+02
4.606437959221367464e+02
5.043007720378685690e+02
4.781580163206328962e+02
4.354407950123807041e+02
5.257598972378361850e+02
5.052977638691352240e+02
5.234637550135558968e+02
4.209209760024687625e+02
4.229177055530095686e+02
4.184837050230190698e+02
4.590839327419689653e+02
3.970100998483641206e+02
4.411731308829971567e+02
5.363194467938961907e+02
4.276569660060746969e+02
4.903757646637031939e+02
4.063962318961653750e+02
4.896829221892937767e+02
4.616689012787408046e+02
4.204896950117260417e+02
3.244110649154845305e+02
4.321511233432406698e+02
4.671241899879779567e+02
5.640484432212010688e+02
4.206215510232257202e+02
3.620896393067584427e+02
4.187877195847472080e+02
4.440483211821034502e+02
5.381733650158496403e+02
3.565988918304520325e+02
4.941014301870109193e+02
4.445081392237898967e+02
5.064912098733741459e+02
5.045558414167196020e+02
5.045558414167196020e+02
4.506226998320441908e+02
5.164454369483510163e+02
4.395626864629829811e+02
4.010043720760153292e+02
4.531969149251057161e+02
4.531969149251057161e+02
4.380200062866190933e+02
4.923156001997867861e+02
4.725945517834163070e+02
3.438567562584530606e+02
3.034025740968517084e+02
3.329621133268075255e+02
2.290738231180016271e+02
4.399372305726679429e+02
4.971793231420825236e+02
5.042155038105521498e+02
3.702375470042330790e+02
3.949332248301395794e+02
4.345347706330956044e+02
4.381037130635707513e+02
4.076735266248994094e+02
5.906050165192694976e+02
4.381037130635707513e+02
4.746757630546968585e+02
4.746757630547060103e+02
3.947142911853752594e+02
5.086037041100181568e+02
5.086037041100181568e+02
5.086037041100293550e+02
5.516013948758968581e+02
4.987109859995001671e+02
4.326581372578997389e+02
4.844500014091814819e+02
4.844500014091814819e+02
4.844500014091814819e+02
4.993394120403887655e+02
5.310461746516099311e+02
5.310461746516099311e+02
4.626593773559399096e+02
4.626593773559399096e+02
4.907469687177884907e+02
4.907469687177884907e+02
4.907469687177884907e+02
5.802368337559926204e+02
4.821386431947251481e+02
4.381037130635707513e+02
5.102158416798720282e+02
3.633521430881315268e+02
3.665934565600099404e+02
4.375471277384897348e+02
4.502437506649109764e+02
5.284311266047133131e+02
4.441319859965975638e+02
4.600160363837026694e+02
4.312125381515440381e+02
5.217545302178581323e+02
5.474380158881356238e+02
5.018573314471344133e+02
5.525610780383022984e+02
5.525610780383022984e+02
5.217545302178581323e+02
5.730689955935914668e+02
5.102158416798720282e+02
5.181070513351112368e+02
5.753527172765849400e+02
5.054725035786520380e+02
5.791903507315746538e+02
4.644123080981488556e+02
3.317945861249936570e+02
4.837437510596363381e+02
6.948633183947379166e+02
5.973981244332217102e+02
5.502399771007054596e+02
4.167687379999301243e+02
5.480644239067986518e+02
5.177592078864230416e+02
3.561850371454819424e+02
4.863430671344607958e+02
4.391860602575775374e+02
4.942957508259473798e+02
6.444762929261228237e+02
6.444762929261228237e+02
6.444762929261228237e+02
4.596931433216424239e+02
4.596931433216424239e+02
4.608974395417579899e+02
6.280381285241171554e+02
5.027915162324293306e+02
5.081227095405162117e+02
4.672353802412454229e+02
5.217361730189620630e+02
5.217361730189620630e+02
5.217361730189620630e+02
3.741184045319605502e+02
3.741184045319605502e+02
5.293872219389903648e+02
3.949808752724557053e+02
3.982010046092723314e+02
4.058756865387234711e+02
3.918965237073591084e+02
3.918965237073643380e+02
3.771209580883522676e+02
6.053059407420649904e+02
4.222828928936073680e+02
4.226692643498880670e+02
4.245918634113266990e+02
4.226692643498880670e+02
4.285397613708421432e+02
5.234305519919324752e+02
5.190665775757134952e+02
7.733479108547813894e+02
6.457574422245577352e+02
5.262554680691675912e+02
5.276906581525838646e+02
5.029531201076304683e+02
6.652223674280644445e+02
5.549295058098807658e+02
5.937380681328417040e+02
5.671435894656480059e+02
5.296001923135927427e+02
4.987295742332231612e+02
5.470524968201882530e+02
6.152918837962008638e+02
6.162703104824445290e+02
4.848532355855435867e+02
5.341038970795769956e+02
5.847758669491743149e+02
5.234901409206476046e+02
6.519386280238313702e+02
5.875112897036192408e+02
4.551041247875829754e+02
4.439904057250309393e+02
4.834672688259698816e+02
3.874717648445761711e+02
3.874717648445761711e+02
3.874717648445761711e+02
2.988868089243748045e+02
5.069245605079954657e+02
2.234142794315912113e+02
2.270021129084893232e+02
2.331288516116519531e+02
2.626810495433303458e+02
1.760534244995163249e+02
3.662341410464979390e+02
5.488032351126460071e+02
4.219080280427494927e+02
5.111178868743861017e+02
4.012601320738979211e+02
3.444300451958569624e+02
4.279467526510442781e+02
4.398196074942563314e+02
4.637131300010713062e+02
4.516839664625160253e+02
4.953765626668216555e+02
4.794184632385538407e+02
5.019016019949896759e+02
5.395703441209288940e+02
4.876766575320068569e+02
4.965025565358444624e+02
4.965025565358444624e+02
4.130405746741757298e+02
5.312692579231420495e+02
4.672544708610556654e+02
5.353357486837120405e+02
5.332088560786517064e+02
5.332088560786517064e+02
4.542068534315376382e+02
3.704599234008103963e+02
4.675933764066776916e+02
3.989723932160035247e+02
4.327761003096450168e+02
3.888863781819906080e+02
5.019016019950174723e+02
5.037009025746060047e+02
5.094430239674713334e+02
3.620495815641037325e+02
5.314083419481738702e+02
4.142332523939080033e+02
4.546761019441291296e+02
4.754017819493723209e+02
4.628704677774854872e+02
4.628704677774854872e+02
4.628704677774854872e+02
4.818925939269244623e+02
4.818925939269244623e+02
3.921272376241195161e+02
4.207264032888950283e+02
5.743129790223147211e+02
4.209106488032394395e+02
3.673745269153190520e+02
3.981065461867445947e+02
4.282856458822998889e+02
4.282856458822998889e+02
4.282856458822998889e+02
4.551041247875829754e+02
3.613471120137095340e+02
3.735916928716455345e+02
5.865635137946816258e+02
4.082220258082382429e+02
4.097089139852723747e+02
4.082220258082382429e+02
4.097089139852723747e+02
4.856085936799208866e+02
5.296042053776832290e+02
5.296042053776832290e+02
5.296042053776832290e+02
5.200167124593466497e+02
4.683725142006837245e+02
5.186218875006857161e+02
4.040700765558758576e+02
5.131701914225166092e+02
3.982634139771978994e+02
4.788893453400138469e+02
6.553625697585210901e+02
6.554303817345946754e+02
7.071048016316419762e+02
4.554265244548535634e+02
3.967249984230658129e+02
4.340791571031576268e+02
4.340791571030822524e+02
5.782480076520573675e+02
3.896277865835272678e+02
3.881495366146186257e+02
4.532660304428920881e+02
4.229403522134398372e+02
3.396146219920933618e+02
2.997608824749949576e+02
4.886463040883670033e+02
3.700604387023417416e+02
4.961891016926634848e+02
5.835547136889659896e+02
4.190688601707597059e+02
3.618447128565704816e+02
4.820192602706706566e+02
4.820192602706706566e+02
4.745567859718869386e+02
5.155593579854379414e+02
6.127785109080293751e+02
4.704990973577832847e+02
5.788589940613034059e+02
6.254940127439517710e+02
4.954646209474427678e+02
5.179508302486168532e+02
3.919074932752087648e+02
5.452879333613316248e+02
5.296140419973737608e+02
7.087597145089432615e+02
4.564779359097468614e+02
4.564779359097468614e+02
4.294907178627163375e+02
4.294907178627163375e+02
6.162360684318355197e+02
4.761674994048573240e+02
5.814928560650563441e+02
5.469424612523712312e+02
5.469424612523712312e+02
4.815768223138337021e+02
4.791167329072168286e+02
4.815768223138337021e+02
4.820562570242695983e+02
4.786761364653697797e+02
4.706105729698796267e+02
4.532225990491145353e+02
4.576103259002477444e+02
4.093617735048320583e+02
4.097463504921306026e+02
5.617911251463179951e+02
5.844701589687034584e+02
4.717090024589476798e+02
4.719370592592957223e+02
4.716684966086289137e+02
5.368069993913201188e+02
4.854853994152828705e+02
6.123704182904775735e+02
6.283975771759312465e+02
4.177026179324438999e+02
4.789173034633555517e+02
4.925736207080552731e+02
4.607181564692799043e+02
4.421547545156726073e+02
5.349244980067813913e+02
5.349244980067813913e+02
5.349244980067813913e+02
4.859693585146520149e+02
4.859693585146520149e+02
4.859693585146520149e+02
6.334150914448480307e+02
4.489023351692790129e+02
5.294886816329646990e+02
3.511742461081661304e+02
3.511742461081585702e+02
3.511742461081585702e+02
3.657013727305520661e+02
3.719621254782226174e+02
4.519800330193623950e+02
3.834784411360728882e+02
4.954905895621045602e+02
3.589277926346867389e+02
3.589277926347098173e+02
3.624831056913238854e+02
3.108328136208818364e+02
3.674655187091286734e+02
3.458235391597976331e+02
4.334234339451331834e+02
5.233535285459189481e+02
5.233535285459189481e+02
4.963517922996994685e+02
4.858518378716338475e+02
4.251773121464615315e+02
5.482872041866258996e+02
4.877596323783413936e+02
5.722067316236168608e+02
4.809245772102644878e+02
3.457496664155709141e+02
5.371461872530990149e+02
5.371461872530920800e+02
5.371461872530990149e+02
3.949551902945252095e+02
3.954537317428228107e+02
3.922386961625352910e+02
3.954537317428228107e+02
4.707852120806188623e+02
4.446730358336531594e+02
4.023282156982087372e+02
3.902738843787450378e+02
4.734760390256454343e+02
5.180574802450704510e+02
5.524634930545553289e+02
4.977147055838659639e+02
3.280329311366199363e+02
3.280329311366199363e+02
5.162293661937912930e+02
6.421539234505755758e+02
4.327589922078846598e+02
4.555502653545483440e+02
4.905594100228213961e+02
5.661840613479746480e+02
5.493872435767007119e+02
5.219880599165126114e+02
5.219880599165126114e+02
4.898237328212049420e+02
7.074946121810201021e+02
5.377504743702681935e+02
5.962099586458832619e+02
5.939727978595221884e+02
4.868045611313837071e+02
5.759567246468945996e+02
4.539057011685217162e+02
4.354873822060898192e+02
4.719226874726417691e+02
3.637791456359528866e+02
5.022816728482282542e+02
5.022816728482282542e+02
5.022816728482282542e+02
5.869120698617158496e+02
5.361761731947996168e+02
5.644079244631878964e+02
4.750955351203598411e+02
5.217323147557881384e+02
3.951584359092399836e+02
3.923827769058934791e+02
3.074676436372628814e+02
3.225810582260847923e+02
3.530648365872507952e+02
3.143989682360089546e+02
3.963861677955462142e+02
3.963861677955462142e+02
2.290857657208988769e+02
2.347628003774526348e+02
3.550454347060485247e+02
2.456945118200061131e+02
3.234138554094992628e+02
2.786736616991951223e+02
3.171341627318341807e+02
2.908148790754454467e+02
2.010874521219208191e+02
3.021402888440256902e+02
4.625523504593082293e+02
3.979008606069830307e+02
5.021348253006270852e+02
4.931391574427518094e+02
2.560655110636790823e+02
4.648981991184162439e+02
4.648981991184138565e+02
2.648265811473422673e+02
4.316643478853800389e+02
5.228382727542038992e+02
4.589476411116019676e+02
2.535330763138317138e+02
3.917491605447443135e+02
2.506522340672040059e+02
2.431799886825477017e+02
2.647177641852946408e+02
6.589632722753117378e+02
5.799180711752392199e+02
4.875503234602892348e+02
4.847718068293595479e+02
5.296420673860737907e+02
4.866226361241426730e+02
5.370150517212011891e+02
5.370150517212011891e+02
5.014802179657353349e+02
5.014802179657353349e+02
6.251346041820613664e+02
3.952933767214364593e+02
3.796639235934168823e+02
2.700015319805958711e+02
5.053297475193415949e+02
5.053297475193415949e+02
4.418086070975002713e+02
4.418086070975002713e+02
4.418086070975002713e+02
4.452161325041670921e+02
5.119809114798853784e+02
4.443174935479449914e+02
3.652435581051570352e+02
4.422606784759558991e+02
3.602524108850031439e+02
6.945292510719409620e+02
5.939547602778616238e+02
5.039961891522022484e+02
4.240091424784754963e+02
4.240091424784754963e+02
4.202417016013737907e+02
4.202417016013737907e+02
5.015521751669339778e+02
5.015521751669339778e+02
4.852895839195574581e+02
4.852895839195574581e+02
4.852895839195574581e+02
4.006083117234945803e+02
4.006083117234945803e+02
3.951150619467632623e+02
3.951150619467632623e+02
4.531084585801756361e+02
3.468202786105308633e+02
4.299834657762739312e+02
4.299834657762739312e+02
4.299834657762739312e+02
4.315339046315807536e+02
4.099979537187174401e+02
4.099979537187174401e+02
4.099979537187174401e+02
4.099979537187174401e+02
4.115822324101682170e+02
4.115822324101682170e+02
4.099979537187174401e+02
4.099979537187174401e+02
4.888339667505126727e+02
5.094698206711507851e+02
5.493688545847767273e+02
5.385481228288094826e+02
4.563648400582911790e+02
3.913385920188252953e+02
3.913385920188252953e+02
3.913385920188252953e+02
3.912024917990042354e+02
5.347916404216708770e+02
4.583753290233082680e+02
4.602732439385858925e+02
4.347695645920001084e+02
6.087593409990149667e+02
6.146261549184694104e+02
3.908816876962465585e+02
3.908816876962465585e+02
3.930538199638136234e+02
3.914871281119635569e+02
5.064296401713340856e+02
5.064296401713340856e+02
5.064296401713340856e+02
5.064296401713340856e+02
5.064296401713340856e+02
5.364119545040795174e+02
4.062548454352588578e+02
4.480676627620654813e+02
4.298077080080835799e+02
4.621788688912463385e+02
4.621788688912463385e+02
4.059720169914589860e+02
5.693167891097834854e+02
4.172683271447937727e+02
5.539030654702613674e+02
5.632227585919487183e+02
6.027325744294510059e+02
6.302554781244066362e+02
3.782562868291119003e+02
5.303573032124728570e+02
6.149214541615583585e+02
6.522287529547053282e+02
6.277567618895939177e+02
6.676807686868421570e+02
4.266563241611088415e+02
5.858452276468576656e+02
5.412069961597945849e+02
4.431941205717357661e+02
4.015200209843850416e+02
4.971793231420825236e+02
3.241004531301708766e+02
4.573870050372086666e+02
4.948607913318556371e+02
5.703439036305830996e+02
5.333375515216800977e+02
5.330165107132047524e+02
4.974132718481409938e+02
4.974132718481409938e+02
4.545313956864737861e+02
4.607730594994877720e+02
4.607730594994877720e+02
4.607730594994877720e+02
4.607730594994877720e+02
4.607730594994877720e+02
4.607730594994877720e+02
5.662600030919149958e+02
5.330325889111537663e+02
5.151899692862327811e+02
5.812492782590013576e+02
4.486140675097957455e+02
4.648664382666910910e+02
5.007017558059421276e+02
3.507730031973341056e+02
3.976747856157876413e+02
4.087574111222337478e+02
4.181262457782164006e+02
4.088609478233822188e+02
3.769989610164892611e+02
3.906802088957171577e+02
4.566873274004903465e+02
4.566873274004903465e+02
4.225144577220210635e+02
4.241400661609137615e+02
3.254992305520187870e+02
4.064280571664776858e+02
3.760787338157656450e+02
4.355921619733958323e+02
4.355921619733958323e+02
5.663605009499838161e+02
5.887835844571183088e+02
4.210062529028945164e+02
4.210062529028945164e+02
4.210062529028945164e+02
4.921701777050951137e+02
4.921701777050951137e+02
4.921701777050951137e+02
4.921701777050951137e+02
4.921701777050951137e+02
4.921701777051727049e+02
6.161041796009692462e+02
