1.281859107578890189e+02
1.313494553614384301e+02
1.277166550233474993e+02
1.284000910384008591e+02
1.307591782160263847e+02
1.288151909629569900e+02
1.272963094466855267e+02
1.280194573407884491e+02
1.283063280523415983e+02
1.274252523248867277e+02
1.320946043571709367e+02
1.349426522312325858e+02
1.303297962130396570e+02
1.259289682767434471e+02
1.271008805807192630e+02
1.282750206325628994e+02
1.343001114497531887e+02
1.297597742457036816e+02
1.449561348889378394e+02
1.449224658819874207e+02
1.331037474967663741e+02
1.331037474967675678e+02
1.356133406528759053e+02
1.356133406528759053e+02
1.299352424379141837e+02
1.265019577435584495e+02
1.271716994351516661e+02
1.301036504540155647e+02
1.266312267424461737e+02
1.271728545094325398e+02
1.290108328896659771e+02
1.287328993993665733e+02
1.313984556489250792e+02
1.261810062406581494e+02
1.271209087252458119e+02
1.280575183178331713e+02
1.267185177127355473e+02
1.269926166974061346e+02
1.350466756274921352e+02
1.297556580654425034e+02
1.291864793140946119e+02
1.265831079162649928e+02
1.304082618552991448e+02
1.308164543412117666e+02
1.355678153710799165e+02
1.289371912757624443e+02
1.335711890408861393e+02
1.276417052613468712e+02
1.360721532173997730e+02
1.284990908201862965e+02
1.326537496571111774e+02
1.381563775343767304e+02
1.265823376336299475e+02
1.268539849395272654e+02
1.324667320268335686e+02
1.319118988915706154e+02
1.352160027725419411e+02
1.330125511364957447e+02
1.280600228986076274e+02
1.298862148442410103e+02
1.317199654556515895e+02
1.303970859996233003e+02
1.268729349854021677e+02
1.306017671931781763e+02
1.282750206325628994e+02
1.320209333810118721e+02
1.393760342238547594e+02
1.319057919112092918e+02
1.315267010218367432e+02
1.291937889180336470e+02
1.328056990341272581e+02
1.318391526294901439e+02
1.396050377330586514e+02
1.461195954128495771e+02
1.359687291989338860e+02
1.440174966454669914e+02
1.377980367621153732e+02
1.347485152003023927e+02
1.365691161413945736e+02
1.288537394479949683e+02
1.302089586187764212e+02
1.334074808504547605e+02
1.299443960849351640e+02
1.343203897539335969e+02
1.462475604060888372e+02
1.273119926625328020e+02
1.261016678012394578e+02
1.305423546889230408e+02
1.338680959572884603e+02
1.419207947483023702e+02
1.313287621102120397e+02
1.317768026976849853e+02
1.338920056714519262e+02
1.453580829168755031e+02
1.298894865670773413e+02
1.298894865670773413e+02
1.335054107841576752e+02
1.319004022921174624e+02
1.462220027466439376e+02
1.278105854003253370e+02
1.261253702191147710e+02
1.252727263692537463e+02
1.269579523020672411e+02
1.299881974742696400e+02
1.275369370752148086e+02
1.263084301854492253e+02
1.266908703569655898e+02
1.299298878846014986e+02
1.282684507917915937e+02
1.333478794082477350e+02
1.347867477999688504e+02
1.255318219515033320e+02
1.255964291423297539e+02
1.347223026670398269e+02
1.333693629636053402e+02
1.321934325078947552e+02
1.266161599748633364e+02
1.265191581107572176e+02
1.263398423905570240e+02
1.267105595605089121e+02
1.267628174210668135e+02
1.267628174210668135e+02
1.267628174210668135e+02
1.366831272795588177e+02
1.289299207629728983e+02
1.463475126697687756e+02
1.461388131614532426e+02
1.362867941026259189e+02
1.259211667887492609e+02
1.463950485439072509e+02
1.458088873994210815e+02
1.329556349594529934e+02
1.356204958479590914e+02
1.420369574810786162e+02
1.389704970169246678e+02
1.452222028320958884e+02
1.442177515833031123e+02
1.398866505610147897e+02
1.289426273996722898e+02
1.282309452861267687e+02
1.290857904082064636e+02
1.292344149819310815e+02
1.257843778022157721e+02
1.266784444251981228e+02
1.286898411118072545e+02
1.264037685889964564e+02
1.316112848888260487e+02
1.261810062406581494e+02
1.299963312480764444e+02
1.298521344015995567e+02
1.275479375863724414e+02
1.272258847323281543e+02
1.368380658253098545e+02
1.303359386437494152e+02
1.311301110030355801e+02
1.267572656341286148e+02
1.267111342246966643e+02
1.267646235513529405e+02
1.261520221264248107e+02
1.325786238872979652e+02
1.265581789964575989e+02
1.273257127436631606e+02
1.255318219515033320e+02
1.255964291423297539e+02
1.263270872413670389e+02
1.263666971098888325e+02
1.335637648192268614e+02
1.321215534338719806e+02
1.277778124035960587e+02
1.268184196877276833e+02
1.265416188590743047e+02
1.265416188590743047e+02
1.265416188590743047e+02
1.261118364436276238e+02
1.265831079162656891e+02
1.287838655377828161e+02
1.270661983868065619e+02
1.276265314455865081e+02
1.322414386999810176e+02
1.304184190973139437e+02
1.347626098607583742e+02
1.286288726652399816e+02
1.286288726652399816e+02
1.286288726652399816e+02
1.420457464456581249e+02
1.318376431785773946e+02
1.327206627639757528e+02
1.450576254339063382e+02
1.413990842051057655e+02
1.439049935131415339e+02
1.374079690897098374e+02
1.380198991882009807e+02
1.350824386959649814e+02
1.317314929555211336e+02
1.269491016048706626e+02
1.271746237536964230e+02
1.316097829017720642e+02
1.345762061287253459e+02
1.266159067644059064e+02
1.270919095682463791e+02
1.261280977342641023e+02
1.261280977342641023e+02
1.261280977342641023e+02
1.267153817675861660e+02
1.267153817675861660e+02
1.267153817675861660e+02
1.265020207840539541e+02
1.264268933802763826e+02
1.264268933802763826e+02
1.264268933802763826e+02
1.373383791720587794e+02
1.462761331872347341e+02
1.413750193702383626e+02
1.436979491519827263e+02
1.408915643834457114e+02
1.379951690138260574e+02
1.442727732951356074e+02
1.434021488304302068e+02
1.359272101577388412e+02
1.296751130150192068e+02
1.298578221207550314e+02
1.305733743425067246e+02
1.448397591097218537e+02
1.257622159529742589e+02
1.328699966342556991e+02
1.261095393035310224e+02
1.350027700100194465e+02
1.275485010670017658e+02
1.282729890926975997e+02
1.261360720459459657e+02
1.260814179788769565e+02
1.259311446277683757e+02
1.259311446277683757e+02
1.466482682074592105e+02
1.266237027412447276e+02
1.265901982298491220e+02
1.265901982298491220e+02
1.265901982298491220e+02
1.276310200585664489e+02
1.267111342246966643e+02
1.268684868769334173e+02
1.305733743425067246e+02
1.420557191230294620e+02
1.262880279069524789e+02
1.269019586650215530e+02
1.360540005260288581e+02
1.293356910079996851e+02
1.263270872413670389e+02
1.269926166974061346e+02
1.265159180711160190e+02
1.294754477967470621e+02
1.276095547470510638e+02
1.297426227818493487e+02
1.265581789964575989e+02
1.304115428438497872e+02
1.265581789964575989e+02
1.297674217606898992e+02
1.265159180711160190e+02
1.263520947653383928e+02
1.271804101510633842e+02
1.274832602932005727e+02
1.294069973550556938e+02
1.269926166974061346e+02
1.263597796748774442e+02
1.292305977457226334e+02
1.297572377779068518e+02
1.319168752374528708e+02
1.276310200585664489e+02
1.320794689020621036e+02
1.338831019704578296e+02
1.268700452592417633e+02
1.325601079920375298e+02
1.252365312748108011e+02
1.271019134551143566e+02
1.275186397634786886e+02
1.283592803431972413e+02
1.320606053679876766e+02
1.264503260432095715e+02
1.264503260432095715e+02
1.264503260432095715e+02
1.267618477939323469e+02
1.275574838121213759e+02
1.275574838121213759e+02
1.275574838121213759e+02
1.278044962394747159e+02
1.323894377486090264e+02
1.261118364436276238e+02
1.264955076542674561e+02
1.258495614155860665e+02
1.258495614155860665e+02
1.257834227804435443e+02
1.271279506480343144e+02
1.278191954709884612e+02
1.279909156029820707e+02
1.258504859039064030e+02
1.274846526677128082e+02
1.295694747893947465e+02
1.293698341550473572e+02
1.294469467156043549e+02
1.431613850467362568e+02
1.277580198405331089e+02
1.267572656341286148e+02
1.267572656341286148e+02
1.267572656341286148e+02
1.267111342246966643e+02
1.259579796980295328e+02
1.259579796980295328e+02
1.270556593113026054e+02
1.268655618711760980e+02
1.269205302814743845e+02
1.277778124035960587e+02
1.277778124035960587e+02
1.271253358598936387e+02
1.263650811059341095e+02
1.263520947653376965e+02
1.281447859149772341e+02
1.290658502273352610e+02
1.290658502273352610e+02
1.310789549223129882e+02
1.310100083729610105e+02
1.289526662835314994e+02
1.289526662835314994e+02
1.261810062406581494e+02
1.253515593235101164e+02
1.253515593235101164e+02
1.252145721131050067e+02
1.252365312748108011e+02
1.252365312748108011e+02
1.252145721131050067e+02
1.261259828327721380e+02
1.266237027412447276e+02
1.269222690384578272e+02
1.259211667887492609e+02
1.271716994351523624e+02
1.269451962305314510e+02
1.264373926892764359e+02
1.261800808641761051e+02
1.270195891759615847e+02
1.313247822856259575e+02
1.304716298877656584e+02
1.396556734781901525e+02
1.268432427654528851e+02
1.323286443950993601e+02
1.278061797086590303e+02
1.295426094535323216e+02
1.287979182854081728e+02
1.298014363973808258e+02
1.425760275604491767e+02
1.381355116260877764e+02
1.280450181091896695e+02
1.357208799934412013e+02
1.341017141438974249e+02
1.305142153066828143e+02
1.289198939883137882e+02
1.278259629877459247e+02
1.273734320681219572e+02
1.273734320681219572e+02
1.273734320681219572e+02
1.273734320681219572e+02
1.291099918604453478e+02
1.462209339596331574e+02
1.413792140356590892e+02
1.450506242732916746e+02
1.409469829830729282e+02
1.379955247330921395e+02
1.266267065018160878e+02
1.307452251528054603e+02
1.281386064547338606e+02
1.347287809134557790e+02
1.310840718161022096e+02
1.264860432338015670e+02
1.267696966504991991e+02
1.261520221264248107e+02
1.261520221264248107e+02
1.266391009542260804e+02
1.266391009542260804e+02
1.266391009542260804e+02
1.269205302814743845e+02
1.270070307193963544e+02
1.270070307193963544e+02
1.269519941085788588e+02
1.374157128547522859e+02
1.345430207991862233e+02
1.368834835510815253e+02
1.340795496893318273e+02
1.443074871996928437e+02
1.452870110871157578e+02
1.412926250175669338e+02
1.438971577451308974e+02
1.374111994828461150e+02
1.378589249660941505e+02
1.370131525082239250e+02
1.309091781108097905e+02
1.415937703510275014e+02
1.263393063171596395e+02
1.344773230539523183e+02
1.341741518829342681e+02
1.289186964512368263e+02
1.261590336798412153e+02
1.267962685811431101e+02
1.258495614155860665e+02
1.258495614155860665e+02
1.263713448808648963e+02
1.263713448808648963e+02
1.279909156029820707e+02
1.278963566074915832e+02
1.329320436798579124e+02
1.428894976234783201e+02
1.337397105630079750e+02
1.361636865297235488e+02
1.425575218881608919e+02
1.421516775348233352e+02
1.377684797737517783e+02
1.465060107198254684e+02
1.305048147508190652e+02
1.380741494658129227e+02
1.438786498719365170e+02
1.458350097816212383e+02
1.430702153930626537e+02
1.305048147508190652e+02
1.431220058911723925e+02
1.361636865297235488e+02
1.350824386959649814e+02
1.421560014644392140e+02
1.305048147508190652e+02
1.305048147508190652e+02
1.459980738952368426e+02
1.464102546156046571e+02
1.464071680064674297e+02
1.398020517037456329e+02
1.450260284958013983e+02
1.377427918579854804e+02
1.360974353702764859e+02
1.385962005632042064e+02
1.303840929182536286e+02
1.323894377486090264e+02
1.273564873558834023e+02
1.281341595832703035e+02
1.266785351659545711e+02
1.385713456151207765e+02
1.262771250157740326e+02
1.274996734289636748e+02
1.267960326522428005e+02
1.288186931599987304e+02
1.263666971098888325e+02
1.289204001461167763e+02
1.274092797687531657e+02
1.272251878907201643e+02
1.330180854423168739e+02
1.261517750365942732e+02
1.265910610117001625e+02
1.261118364436276238e+02
1.281832696737064055e+02
1.270661983868065619e+02
1.349057020934968421e+02
1.268184196877276833e+02
1.290821531622877671e+02
1.285667928928880599e+02
1.265581789964575989e+02
1.265159180711160190e+02
1.261810062406581494e+02
1.331968334279463306e+02
1.271269232143457657e+02
1.268935143628141304e+02
1.318397137818722911e+02
1.303818811010191041e+02
1.292305977457226334e+02
1.407505912667215568e+02
1.263253048304065800e+02
1.321932688468941706e+02
1.323560467057864400e+02
1.323560467057864400e+02
1.323560467057864400e+02
1.320443220841183063e+02
1.459319130199393157e+02
1.410719860814212439e+02
1.436540997464971099e+02
1.365221822802437259e+02
1.377057334111727869e+02
1.377723837197369505e+02
1.429063013415814680e+02
1.316872917783125558e+02
1.316872917783125558e+02
1.316872917783125558e+02
1.283492609249981626e+02
1.282586652307221016e+02
1.310465372563561743e+02
1.334125004174844094e+02
1.419458761451433020e+02
1.306491078066352145e+02
1.283783616299793380e+02
1.271292779157893875e+02
1.302923164475430440e+02
1.270092592898105863e+02
1.289190236107442900e+02
1.289190236107442900e+02
1.267286224707554965e+02
1.266725102430456360e+02
1.267286224707554965e+02
1.266725102430456360e+02
1.319518955743227480e+02
1.363558332649488989e+02
1.318969183700214387e+02
1.291631486685305674e+02
1.451237707895902531e+02
1.462330221368087848e+02
1.338066506351992473e+02
1.337421259906589341e+02
1.303435128084419148e+02
1.403128342003657565e+02
1.328247198304499648e+02
1.456043105987767490e+02
1.410433373766659315e+02
1.343939147118801429e+02
1.313408673619682929e+02
1.313408673619682929e+02
1.394293256056180610e+02
1.393340401337638923e+02
1.256095665111053989e+02
1.305733743425067246e+02
1.323218128155853890e+02
1.314688509424736367e+02
1.335363780003739578e+02
1.335363780003739578e+02
1.338186652873439186e+02
1.276997122089262291e+02
1.390324192709711042e+02
1.460717676726278000e+02
1.437051728533770643e+02
1.333929669009127394e+02
1.313835268801751113e+02
1.291527691395952502e+02
1.267995335098288763e+02
1.270661983868065619e+02
1.270661983868065619e+02
1.270661983868065619e+02
1.263333078019607569e+02
1.291802845292876043e+02
1.295357771908993243e+02
1.272941421008222136e+02
1.257152051811141291e+02
1.257152051811141291e+02
1.257152051811141291e+02
1.258167130252458890e+02
1.466601875157511188e+02
1.438096620342369647e+02
1.340984506905555804e+02
1.372698285086239594e+02
1.326855529152491044e+02
1.326855529152491044e+02
1.393259943762799082e+02
1.274310689562661878e+02
1.264037685889964564e+02
1.264037685889964564e+02
1.264037685889964564e+02
1.265416188590743047e+02
1.265416188590743047e+02
1.265416188590743047e+02
1.265416188590743047e+02
1.265416188590743047e+02
1.265416188590750295e+02
