1.653952671468723565e+02
1.664829263606504242e+02
2.131535706624676152e+02
3.890945600828125066e+02
2.002759675565189355e+02
2.059129915505257031e+02
3.182135715545900894e+02
3.283205725985300205e+02
3.012721169217530246e+02
2.677397270817618846e+02
5.058288056817374354e+02
5.611957360181937702e+02
4.568684879912991619e+02
3.501919516042504483e+02
3.365721888265980510e+02
4.894984081365649331e+02
4.850166853490504764e+02
2.245785519631395459e+02
2.275487228458462425e+02
1.759620119297944143e+02
3.293055476907552475e+02
3.293055476907461525e+02
4.122813888170423979e+02
4.122813888170423979e+02
2.149180527548420798e+02
3.224696211097228229e+02
2.996897838205712787e+02
2.875133820156306683e+02
2.918392879702597611e+02
2.842602473736010893e+02
2.366213778821716005e+02
2.356897348127859004e+02
5.464352841327097394e+02
4.076142424999331979e+02
3.917756626973749690e+02
2.936055216008925299e+02
2.830173869874652723e+02
4.941361427027387094e+02
5.636563355245763205e+02
5.474259027724473299e+02
5.383903170381069003e+02
3.357177050154101039e+02
2.550933754547821479e+02
2.173097879118807043e+02
1.612127622502894724e+02
1.757508635696748911e+02
3.338589057799289890e+02
4.892603176169264998e+02
1.404984929361579589e+02
3.070513595889757426e+02
3.128698816742711415e+02
2.587119292484378548e+02
2.564204060383102615e+02
2.509540189618106183e+02
2.313310215260708276e+02
2.287906010547472704e+02
3.069721969591060429e+02
1.859937400493731730e+02
3.599026393712274512e+02
3.266923779383104147e+02
2.980880155972692478e+02
2.649905955135421891e+02
2.838803833489273529e+02
1.624917028470118794e+02
4.894984081365649331e+02
6.257862447896009144e+02
6.168399066046924872e+02
6.451574767861980035e+02
6.275399122717039972e+02
6.218133692620276634e+02
6.168540458107331688e+02
5.892022940250749343e+02
4.914111387287040316e+02
3.673313102194441626e+02
7.298623344827897199e+02
9.393161507541555011e+02
3.758007418864044666e+02
2.187621491922647863e+02
2.424089473829278347e+02
2.274979993228917010e+02
2.098336749900946643e+02
1.853792625238003211e+02
3.031447326018684407e+02
2.987348816058677130e+02
1.803166723555365479e+03
4.190311939396837033e+02
3.549159718844464351e+02
3.199057052537846175e+02
5.702254156809503911e+02
6.348594884129305456e+02
4.343663807521087961e+02
4.915355433003774692e+02
4.587996817021730180e+02
6.821631297200575546e+02
3.005532015869155202e+02
3.005532015869155202e+02
1.595958316630407126e+02
2.827877146632795302e+02
1.066896307493058430e+03
2.627175478807703257e+02
3.988892401900621962e+02
3.831290765261057913e+02
2.464336183651764998e+02
1.795777674511578539e+02
3.609208648250552756e+02
3.725552113156268206e+02
3.532608655131969613e+02
4.269683396821409360e+02
1.655190528487642041e+02
4.783756753126006060e+02
6.044204795896971518e+02
4.653560639963727112e+02
4.662372096194189908e+02
5.439377942863588942e+02
5.216917667447767144e+02
3.166948199170054750e+02
4.132717896158299595e+02
4.125589018495717823e+02
4.024687354758815445e+02
3.982485785256731106e+02
3.679789462349367568e+02
3.679789462349367568e+02
3.679789462349367568e+02
7.189773249192696767e+02
2.111687344237697914e+02
1.652154940057198928e+03
9.623380852787277036e+02
5.235604676219625162e+02
3.950711899594626288e+02
1.602892418766933588e+03
1.484474731339102846e+03
8.014393965178741155e+02
7.170480153383426796e+02
7.746372870562344133e+02
7.438073545889928937e+02
1.330531040940554476e+03
1.159690205544082801e+03
1.472692426897957603e+02
1.874535459010114096e+02
1.663830416751056873e+02
2.013584290411636175e+02
4.203584087249186041e+02
4.393529707273736449e+02
2.938408519394669156e+02
1.752772698178878841e+02
3.772454204979709402e+02
4.788611738693317648e+02
4.076142424999331979e+02
3.780113449125514080e+02
4.277751540187018691e+02
3.738316836542873034e+02
4.545893907533931610e+02
1.342484765588743016e+02
4.815551889565895749e+02
5.922648068134813002e+02
4.708849626479463950e+02
5.282110636934864942e+02
5.211219636813010538e+02
5.009012610394754006e+02
6.392846465433726735e+02
4.614333638055179563e+02
2.288213169505275459e+02
4.653560639963727112e+02
4.662372096194189908e+02
3.989951051025420838e+02
2.630380968575006477e+02
7.249166084596596420e+02
6.479827482131454417e+02
4.171044443810452549e+02
4.693776845164422298e+02
3.884035125503968402e+02
3.884035125503968402e+02
3.884035125503968402e+02
3.473989014698269102e+02
3.357177050153920277e+02
3.258854272315087428e+02
4.372243122300951086e+02
2.661201118637000036e+02
2.875914841095638508e+02
1.640568214044398019e+02
1.176503352021802584e+02
3.359327187646301809e+02
3.359327187646301809e+02
3.359327187646301809e+02
1.147905519577454925e+02
2.023953761253906123e+02
2.620976100587500923e+02
1.352281949724265587e+03
1.079041709971698310e+03
1.125827119336066062e+03
1.096266784657968174e+03
1.050844581303344512e+03
3.674292195333404720e+02
3.066298833357622016e+02
4.454079971295103064e+02
4.492921108441669844e+02
4.224672565452218578e+02
4.765261238996722000e+02
4.667853160793645202e+02
4.468603692131454750e+02
4.430068305270626183e+02
4.430068305270626183e+02
4.430068305270626183e+02
4.388736339330237683e+02
4.388736339330237683e+02
4.388736339330237683e+02
4.058826925419660370e+02
4.051998357077145556e+02
4.051998357077145556e+02
4.051998357077145556e+02
6.895728576983384528e+02
1.739919062597270795e+03
1.009105789134894621e+03
1.055494545781847592e+03
1.026568056394817859e+03
9.842262312455266056e+02
3.295726452829492246e+02
3.427433447234199093e+02
2.236919868863938063e+02
2.807497552894393493e+02
2.814263820542046233e+02
6.131996461673156773e+02
2.052272443293987635e+03
3.931504351871168979e+02
3.718692550371450807e+02
4.363976534331424659e+02
4.566409974491273829e+02
4.209465755864070502e+02
3.971438338901321004e+02
4.047983156958781592e+02
3.959973549128328045e+02
3.831604593690841511e+02
3.831604593690841511e+02
2.702873690202234684e+03
3.520865412510788701e+02
3.509049110046399846e+02
3.509049110046399846e+02
3.509049110046399846e+02
3.645082852997269356e+02
5.282110636934864942e+02
4.034630748616430083e+02
6.131996461673156773e+02
6.635703139140392750e+02
3.970686777988979657e+02
2.761639195736219108e+02
2.514483926268783591e+02
2.375634787565284682e+02
3.989951051025420838e+02
4.941361427027387094e+02
5.230188139228115460e+02
5.426714110939683451e+02
5.169886341233676603e+02
5.809088423081880137e+02
4.614333638055179563e+02
3.107908236652731375e+02
4.614333638055179563e+02
5.871636963263912321e+02
5.230188139228115460e+02
3.418096821996037988e+02
2.307428376114142168e+02
4.322589593390185883e+02
4.819307296889899703e+02
4.941361427027387094e+02
2.774113740307055878e+02
4.019139270162288540e+02
5.105924882144865933e+02
5.542672252096344891e+02
3.645082852997269356e+02
1.467528136380230421e+02
1.182819930400150952e+02
2.474142089993595448e+02
3.788369220824422428e+02
3.841577366919931364e+02
2.986177786446639288e+02
2.669251219724887960e+02
2.373080866772191939e+02
1.284199668690595786e+02
3.478467649454050274e+02
3.478467649454050274e+02
3.478467649454050274e+02
3.538671490499391439e+02
4.005444908626589609e+02
4.005444908626589609e+02
4.005444908626589609e+02
3.955225211712403279e+02
4.098951681353152026e+02
3.473989014698120172e+02
3.400344682560907472e+02
3.313400698552379708e+02
3.313400698552379708e+02
3.272289490017004709e+02
3.189495003048993453e+02
2.933708673785674250e+02
2.991048983731463977e+02
3.264281472391917305e+02
3.663859209704430100e+02
3.151659472593150895e+02
3.321517939810327675e+02
4.571828784026690755e+02
8.350874344498995470e+02
2.549504587397946693e+02
4.708849626479463950e+02
4.708849626479463950e+02
4.708849626479463950e+02
5.282110636934864942e+02
4.977840781174525091e+02
4.977840781174525091e+02
4.931681459037488366e+02
4.622601481682448252e+02
4.614119937738001340e+02
4.171044443810452549e+02
4.171044443810452549e+02
4.355038329045102046e+02
4.017797297004196935e+02
3.418096821995961250e+02
3.342749954414526883e+02
4.718290773956491080e+02
4.718290773956491080e+02
5.447231775469593913e+02
2.805616819869447340e+02
3.666739782670683212e+02
3.666739782670683212e+02
4.076142424999331979e+02
3.902429711544518227e+02
3.902429711544518227e+02
3.851841952426808575e+02
3.841577366919931364e+02
3.841577366919931364e+02
3.851841952426808575e+02
3.773978196312696127e+02
3.520865412510788701e+02
3.437887902100958399e+02
3.950711899594505212e+02
2.996897838205516109e+02
2.857507902714595502e+02
2.783789277074450865e+02
2.736018229314249766e+02
2.832747659859966234e+02
3.041409138995624062e+02
4.649903933855591163e+02
4.134348990807166047e+02
2.859457923374006327e+02
3.871981987946283539e+02
2.024369963403750035e+02
4.104861931443282970e+02
3.071017976762606168e+02
1.694607933026206865e+02
1.215737619797177786e+03
1.192048935557696950e+03
5.650734833579240330e+02
5.529355811273244399e+02
5.981283568278247458e+02
5.906733271122233191e+02
5.665120645266417796e+02
5.613467460012823267e+02
5.573750173028896597e+02
5.573750173028896597e+02
5.573750173028896597e+02
5.573750173028896597e+02
5.227545012311800292e+02
1.916029996948107964e+03
1.159380208123076500e+03
1.236512710293952068e+03
1.171046053159610437e+03
1.125230966870231441e+03
5.006311130088720915e+02
4.770088227935677310e+02
5.531045136502394826e+02
5.398117084933521710e+02
5.058107955622478471e+02
5.265464768195481611e+02
5.051747690962789648e+02
5.009012610394754006e+02
5.009012610394754006e+02
4.951859258874027319e+02
4.951859258874027319e+02
4.951859258874027319e+02
4.614119937738001340e+02
4.605718230109166598e+02
4.605718230109166598e+02
5.143686752696997928e+02
7.490184089526376283e+02
1.919210087035972379e+02
1.345665833505111095e+02
3.738603263547552729e+02
8.207648128933599310e+02
6.383910630030734410e+02
9.419711526900166518e+02
9.957193281385551700e+02
9.625835679746094229e+02
9.238044784629298647e+02
3.466821237713592154e+02
2.200472660785900700e+02
2.701263593649020436e+02
3.323750911790956479e+02
3.148741048336365793e+02
3.724091540482847904e+02
3.381401236494482987e+02
3.454993413453282756e+02
3.366320463741567437e+02
3.313400698552379708e+02
3.313400698552379708e+02
3.233793532880729344e+02
3.233793532880729344e+02
2.991048983731463977e+02
2.981649966719347731e+02
5.515453364785707890e+02
6.566381780663607515e+02
3.084929170578457160e+02
3.891169394512023700e+02
3.283968133444424211e+02
4.320053428069768415e+02
4.599339257980375351e+02
8.935852980030381332e+02
5.422839074409615705e+02
3.530887255528274977e+02
3.998662218471424694e+02
6.066086388118766308e+02
5.621775007000053392e+02
5.422839074409615705e+02
4.578303774146920091e+02
3.891169394512023700e+02
3.674292195333404720e+02
5.575950744561157535e+02
5.422839074409615705e+02
5.422839074409615705e+02
4.678192563497796641e+02
8.452901627192878777e+02
7.375735589332366544e+02
2.784339974478886575e+02
4.600442786545664262e+02
4.679932394611295763e+02
3.098519627670813179e+02
4.273778374917314409e+02
2.403091840555590579e+02
4.098951681353152026e+02
2.755387625389005279e+02
2.946276392515204634e+02
2.238882194393066527e+02
1.954554817342039428e+02
2.681088982559105034e+02
2.423806276077177984e+02
2.483822897261593994e+02
2.247463046505518491e+02
2.630380968575006477e+02
2.350184292370038293e+02
2.295830006234999701e+02
2.247185295991280611e+02
1.842019766878902942e+02
3.559203170786901183e+02
4.136993309401574379e+02
3.473989014698269102e+02
2.351223389106006607e+02
4.372243122300951086e+02
5.305797172759581599e+02
4.693776845164422298e+02
4.859667770732611416e+02
4.126665966506929522e+02
4.614333638055179563e+02
5.230188139228115460e+02
4.076142424999254672e+02
1.657825891693706239e+02
2.531591657812941776e+02
2.600290367419339645e+02
2.223490757648796432e+02
2.488983179015919518e+02
4.019139270162288540e+02
2.581433488147881690e+02
3.599079749212610295e+02
3.092201091374879525e+02
7.304148133758139920e+02
7.304148133758139920e+02
7.304148133758139920e+02
2.712687672292362322e+02
1.585346380745715351e+03
8.733367525714870681e+02
9.133562888078661217e+02
9.010091264720961135e+02
8.886985471574098483e+02
8.530702538163509416e+02
5.991407351157522498e+02
3.151012718264568662e+02
3.151012718264568662e+02
3.151012718264568662e+02
2.083166562247362492e+02
2.077133111622170816e+02
1.958500989797867646e+02
3.158864016880722261e+02
1.427426048941274530e+02
2.307928736907779239e+02
4.467693968656777770e+02
2.786555319718834198e+02
2.602758198615341598e+02
4.993008814615743063e+02
5.839826658844729081e+02
5.839826658844729081e+02
5.201079832881546281e+02
5.186164857622984528e+02
5.201079832881546281e+02
5.186164857622984528e+02
3.128985811131005903e+02
2.285979826963245216e+02
4.792525012529840751e+02
3.282761906694524896e+02
2.057410100767558106e+03
2.614315862257558365e+02
3.227401018384551890e+02
2.422882019868708312e+02
2.241630679341637062e+02
4.391118287362206729e+02
3.187170256268479989e+02
1.527687058527309318e+03
8.170046012363411592e+02
8.254768319031195460e+02
8.115837554732796661e+02
8.115837554732796661e+02
7.781062839754820288e+02
1.083609994358129825e+03
3.946650256248738629e+02
6.131996461673156773e+02
4.791111973330635010e+02
2.173159766777041852e+02
3.014129102948541004e+02
3.014129102948541004e+02
1.875326479279847831e+02
2.035028624453307771e+02
2.742413664234076691e+02
2.300477596638706927e+02
1.318188076750357709e+02
2.304409886520195982e+02
3.119259676280942699e+02
2.325249409914286502e+02
2.269628179437863480e+02
4.372243122300951086e+02
4.372243122300951086e+02
4.372243122300951086e+02
4.091647233814426841e+02
4.847671967913952358e+02
5.912156677245307037e+02
5.278580660991046898e+02
4.611649791905634288e+02
4.611649791905634288e+02
4.611649791905634288e+02
4.603648179374232541e+02
1.195994958744665155e+03
6.808617212754696766e+02
7.230886393146981845e+02
7.054698582972297345e+02
6.906967478231301811e+02
6.906967478231301811e+02
9.511325968344394823e+02
2.744895357486700505e+02
3.772454204979709402e+02
3.772454204979709402e+02
3.772454204979709402e+02
3.884035125503968402e+02
3.884035125503968402e+02
3.884035125503968402e+02
3.884035125503968402e+02
3.884035125503968402e+02
3.884035125504007055e+02
