1.497499999999999716e+02
1.782499999999999716e+02
2.925499999999999545e+02
1.896399999999999864e+02
2.986499999999999773e+02
2.358499999999999943e+02
2.582799999999999727e+02
2.216500000000000057e+02
2.921499999999999773e+02
1.606499999999999773e+02
1.547499999999999716e+02
1.794499999999999886e+02
2.563500000000000227e+02
1.851500000000000057e+02
1.842500000000000000e+02
1.369499999999999886e+02
1.762899999999999636e+02
1.961500000000000057e+02
1.574899999999999807e+02
1.847100000000000080e+02
8.781999999999996476e+01
1.676299999999999955e+02
2.241500000000000057e+02
2.062299999999999898e+02
1.651999999999999886e+02
1.780499999999999829e+02
1.753399999999999466e+02
1.474499999999999886e+02
4.518500000000000227e+02
2.279499999999999886e+02
1.157300000000000040e+02
2.051500000000000057e+02
1.791499999999999773e+02
1.687499999999999716e+02
2.475500000000000114e+02
1.737499999999999716e+02
1.502499999999999716e+02
1.371499999999999773e+02
2.805499999999999545e+02
3.041499999999999773e+02
3.079200000000000159e+02
1.824499999999999886e+02
1.696499999999999773e+02
1.797499999999999716e+02
1.455499999999999829e+02
2.302500000000000000e+02
2.435399999999999920e+02
2.829499999999999886e+02
2.177500000000000000e+02
2.113499999999999943e+02
2.381500000000000057e+02
2.561499999999999773e+02
3.262500000000000000e+02
1.762199999999999704e+02
1.506499999999999773e+02
2.233000000000000114e+02
1.427999999999999829e+02
1.736499999999999773e+02
3.010499999999999545e+02
1.991500000000000057e+02
2.231500000000000057e+02
2.628500000000000227e+02
1.569199999999999591e+02
2.325500000000000114e+02
1.692499999999999716e+02
2.040399999999999920e+02
1.545599999999999739e+02
2.121500000000000057e+02
1.951200000000000045e+02
2.041500000000000057e+02
1.741499999999999773e+02
2.217500000000000000e+02
2.398400000000000034e+02
1.976399999999999864e+02
1.394799999999999898e+02
1.316599999999999682e+02
1.820099999999999909e+02
2.160000000000000000e+02
1.539899999999999807e+02
2.281500000000000057e+02
2.921200000000000045e+02
2.590699999999999932e+02
2.626999999999999886e+02
1.748899999999999864e+02
2.848999999999999773e+02
3.000149999999999864e+02
2.101500000000000057e+02
1.583499999999999659e+02
1.704699999999999704e+02
2.636000000000000227e+02
3.096299999999999955e+02
1.231499999999999773e+02
9.036999999999997613e+01
2.842900000000000205e+02
2.601499999999999773e+02
2.319499999999999886e+02
1.252600000000000051e+02
1.590099999999999909e+02
2.835499999999999545e+02
2.031500000000000057e+02
2.114499999999999886e+02
1.893499999999999943e+02
2.021500000000000057e+02
1.781999999999999886e+02
1.761499999999999773e+02
2.581499999999999773e+02
2.521500000000000057e+02
1.302499999999999716e+02
1.618699999999999761e+02
1.347299999999999898e+02
1.836500000000000057e+02
1.039899999999999807e+02
2.031500000000000057e+02
1.931500000000000057e+02
1.509499999999999886e+02
1.738499999999999659e+02
1.293499999999999659e+02
1.581499999999999773e+02
1.823499999999999943e+02
1.753499999999999659e+02
1.672599999999999909e+02
1.545999999999999659e+02
1.819499999999999886e+02
1.995500000000000114e+02
1.456499999999999773e+02
1.561199999999999761e+02
1.573499999999999659e+02
2.309699999999999989e+02
2.091500000000000057e+02
2.106500000000000057e+02
2.165500000000000114e+02
1.875699999999999932e+02
2.586499999999999773e+02
2.913500000000000227e+02
2.951200000000000045e+02
1.826009999999999991e+02
2.031500000000000057e+02
2.913299999999999841e+02
2.782500000000000000e+02
1.730999999999999659e+02
1.778799999999999955e+02
2.267500000000000000e+02
2.176999999999999886e+02
2.177500000000000000e+02
2.521500000000000057e+02
2.218100000000000023e+02
2.424499999999999886e+02
1.696499999999999773e+02
1.621499999999999773e+02
2.071500000000000057e+02
2.395500000000000114e+02
1.717499999999999716e+02
1.827500000000000000e+02
1.137300000000000040e+02
1.760499999999999829e+02
1.871500000000000057e+02
1.925500000000000114e+02
1.133499999999999659e+02
1.946500000000000057e+02
1.997500000000000000e+02
1.780309999999999775e+02
1.616499999999999773e+02
2.050500000000000114e+02
1.716799999999999784e+02
2.996100000000000136e+02
2.203499999999999943e+02
1.756499999999999773e+02
1.880500000000000114e+02
2.031500000000000057e+02
1.749499999999999886e+02
1.975500000000000114e+02
2.373499999999999943e+02
1.797299999999999613e+02
2.587399999999999523e+02
2.423499999999999943e+02
3.164499999999999886e+02
1.723499999999999659e+02
1.873499999999999943e+02
1.559499999999999886e+02
2.644499999999999886e+02
1.800199999999999818e+02
1.356199999999999761e+02
1.394299999999999784e+02
1.645499999999999829e+02
2.408499999999999943e+02
2.600499999999999545e+02
1.465499999999999829e+02
2.993500000000000227e+02
2.711499999999999773e+02
1.307309999999999661e+02
2.243199999999999932e+02
1.803499999999999943e+02
2.212500000000000000e+02
1.641499999999999773e+02
1.526699999999999591e+02
1.521499999999999773e+02
1.549199999999999591e+02
1.537499999999999716e+02
2.031500000000000057e+02
2.208499999999999943e+02
1.885500000000000114e+02
2.255999999999999943e+02
2.427199999999999989e+02
1.988499999999999943e+02
1.867419999999999902e+02
1.612499999999999716e+02
1.195499999999999829e+02
1.102600000000000051e+02
2.231500000000000057e+02
1.701499999999999773e+02
1.831500000000000057e+02
1.881500000000000057e+02
1.791499999999999773e+02
2.016500000000000057e+02
1.283099999999999739e+02
2.744200000000000159e+02
1.856500000000000057e+02
1.711899999999999977e+02
2.989599999999999795e+02
1.601899999999999977e+02
2.065000000000000000e+02
2.550500000000000114e+02
2.768299999999999841e+02
2.646499999999999773e+02
2.098499999999999943e+02
2.042400000000000091e+02
2.683500000000000227e+02
3.533700000000000045e+02
2.567799999999999727e+02
1.837299999999999898e+02
2.444499999999999886e+02
1.688499999999999659e+02
1.818499999999999943e+02
3.046499999999999773e+02
2.196800000000000068e+02
3.013199999999999932e+02
2.871499999999999773e+02
2.164199999999999875e+02
2.896600000000000250e+02
2.415500000000000114e+02
1.714899999999999807e+02
1.937500000000000000e+02
2.116500000000000057e+02
1.692499999999999716e+02
1.705499999999999829e+02
1.761499999999999773e+02
1.606899999999999977e+02
2.441699999999999875e+02
2.831000000000000227e+02
2.258499999999999943e+02
2.433600000000000136e+02
1.434799999999999898e+02
2.531500000000000057e+02
2.548499999999999943e+02
1.769499999999999886e+02
1.974600000000000080e+02
2.395200000000000102e+02
1.955699999999999932e+02
2.001500000000000057e+02
1.963199999999999932e+02
2.341699999999999875e+02
1.080199999999999818e+02
2.022500000000000000e+02
2.221500000000000057e+02
1.441499999999999773e+02
2.333499999999999943e+02
3.140400000000000205e+02
1.931500000000000057e+02
8.551999999999998181e+01
2.622500000000000000e+02
2.131500000000000057e+02
2.455500000000000114e+02
1.801500000000000057e+02
1.600299999999999727e+02
1.426499999999999773e+02
1.487599999999999909e+02
1.852400000000000091e+02
8.794999999999998863e+01
1.801500000000000057e+02
1.883700000000000045e+02
1.558099999999999739e+02
1.972500000000000000e+02
2.315200000000000102e+02
2.951499999999999773e+02
2.497599999999999909e+02
2.153600000000000136e+02
2.583700000000000045e+02
1.661699999999999591e+02
2.425000000000000000e+02
3.311349999999999909e+02
2.731499999999999773e+02
2.308100000000000023e+02
2.509499999999999886e+02
2.503199999999999932e+02
2.790199999999999818e+02
1.647699999999999818e+02
1.931500000000000057e+02
2.373899999999999864e+02
2.240500000000000114e+02
1.770199999999999818e+02
2.066200000000000045e+02
2.870499999999999545e+02
2.922399999999999523e+02
1.999600000000000080e+02
2.350300000000000011e+02
1.781499999999999773e+02
2.818399999999999750e+02
2.031500000000000057e+02
2.431100000000000136e+02
2.369799999999999898e+02
1.880000000000000000e+02
1.626799999999999784e+02
2.096800000000000068e+02
2.593500000000000227e+02
2.875199999999999818e+02
2.369300000000000068e+02
2.677999999999999545e+02
1.584499999999999886e+02
2.637500000000000000e+02
2.579499999999999886e+02
1.613399999999999466e+02
2.441599999999999966e+02
1.560499999999999829e+02
2.485900000000000034e+02
1.672499999999999716e+02
1.452499999999999716e+02
1.607499999999999716e+02
1.657899999999999636e+02
1.719499999999999886e+02
1.638499999999999659e+02
2.288499999999999943e+02
2.476100000000000136e+02
1.729499999999999886e+02
2.479900000000000091e+02
2.253000000000000114e+02
2.864499999999999886e+02
3.480499999999999545e+02
