1.522204826015344281e+02
1.727342163308671559e+02
2.497561468716954778e+02
1.840244313343569047e+02
2.628200490248208894e+02
2.192840237354375859e+02
2.219599135979342464e+02
2.558697989856249535e+02
2.962220417135697517e+02
2.061028750686217279e+02
1.811191957127567775e+02
1.679820814005539944e+02
2.080948543415633765e+02
2.177569849278463039e+02
1.806447881483223057e+02
1.397455267140194621e+02
1.782945360871382832e+02
2.351732356712012120e+02
1.766634751113310813e+02
1.821202307245303587e+02
1.337260393600071211e+02
1.304450031616457579e+02
2.142705639817003487e+02
2.162545631603339586e+02
2.102146109485993293e+02
2.001366529885803516e+02
1.876671349033156559e+02
1.796729892755510036e+02
2.983432757106867257e+02
2.171810661070617527e+02
1.239760724269730332e+02
2.028643623334173753e+02
1.967755692944585348e+02
1.705597529762880242e+02
1.733657702415050039e+02
1.707190646871340221e+02
1.578104678307264521e+02
1.557411199387670422e+02
2.375432001958919273e+02
2.793576775908749141e+02
2.793576775908749141e+02
1.535731975676001753e+02
1.736997268664997307e+02
1.635135565357284122e+02
1.436206335067220152e+02
2.296321004435221482e+02
2.134461756541353452e+02
2.424944419488282961e+02
2.418318311260304370e+02
2.343616805849755735e+02
2.988923863085921084e+02
2.530820578871031898e+02
2.530820578871031898e+02
1.653713343687424242e+02
1.642831683932918452e+02
1.741283812165944482e+02
1.561452406635738441e+02
1.919254279274460941e+02
2.804533284559103095e+02
2.085344464907523445e+02
1.880665931836652760e+02
2.627782765018877740e+02
1.603372992773088583e+02
2.435767176127603761e+02
1.747834904789032748e+02
2.041774307767865935e+02
1.008461569009852354e+02
1.866619793644874790e+02
1.736839976501169645e+02
1.838719825962537016e+02
1.652631372066649362e+02
2.118192618751357372e+02
2.150996640071045363e+02
1.914694475897457266e+02
1.818551832782937936e+02
1.333254538561467371e+02
1.618391992410030298e+02
2.204684949824865896e+02
1.480847531099862522e+02
2.231997794956923258e+02
2.120821653077871360e+02
2.631432732620871207e+02
2.631432732620871207e+02
1.481494451419025609e+02
2.012459202328773813e+02
2.797500895106878147e+02
2.122507686980267181e+02
1.864724576708865129e+02
2.001366529885803516e+02
2.352246561287760755e+02
2.862583766011282478e+02
1.805724690904947352e+02
1.083267780382992242e+02
2.585374102675387462e+02
2.254843668893279869e+02
1.898981303984905935e+02
1.501347572856184911e+02
1.703452759770584635e+02
2.426164777544395292e+02
2.167862300571527783e+02
2.268903465431029076e+02
1.815763045560756836e+02
1.922953491136003095e+02
2.100823034110886169e+02
2.064027309570886644e+02
2.067736692658391746e+02
2.136060231272480792e+02
1.759535909691833524e+02
1.951482011651488335e+02
1.856440920307949511e+02
2.199687644764258039e+02
1.095752537957235546e+02
2.294443973606757083e+02
2.388764973607497382e+02
1.741826720131898583e+02
2.059215718717827315e+02
2.179204429245930044e+02
1.618391992410030298e+02
1.912368123832087861e+02
1.936749543209356830e+02
1.615804201318458126e+02
1.623636171463514870e+02
2.180641677951774682e+02
1.942085330415224576e+02
1.735592843630062703e+02
1.876671349033156559e+02
1.582840701712556779e+02
1.895268253983336706e+02
1.932228847557074403e+02
2.122877029595852889e+02
2.122877029595852889e+02
1.786867432816102905e+02
2.513982912992043168e+02
2.691456773311250572e+02
2.745199644680573101e+02
1.762340676346971975e+02
2.184032265929763810e+02
2.686035498614064636e+02
2.538758231174803370e+02
1.391141868604586307e+02
1.629971546472254431e+02
2.190079907296174611e+02
2.098284112058267681e+02
2.098284112058267681e+02
2.361119121762565385e+02
2.467987494450039208e+02
2.509021735114165779e+02
2.133598417410325965e+02
1.892428911175289841e+02
1.762822377808882379e+02
2.152640496903213432e+02
2.016337066744562208e+02
1.888646504349244424e+02
1.209429250452717355e+02
1.936749543209356830e+02
2.016778414335119294e+02
2.054942675553037077e+02
1.348909990527151308e+02
2.059215718717827315e+02
1.809538147566405542e+02
1.895202884230225777e+02
1.850958878816913682e+02
2.305785817985906760e+02
1.608539927875325759e+02
2.879439490554612462e+02
1.933090586751093269e+02
1.574711080081941077e+02
2.051626824779907281e+02
2.157049628126820551e+02
1.686002265534892501e+02
1.796034351592188614e+02
1.839751940324356099e+02
1.783169700059135039e+02
2.702655154874200321e+02
2.702655154874200321e+02
2.702655154874200321e+02
1.973667163940745297e+02
1.942085330415146700e+02
1.946482504095728814e+02
2.094605147053561609e+02
1.846746828884004969e+02
1.337792861025027946e+02
1.304971725835922882e+02
1.757738473282577445e+02
2.017297729650711915e+02
2.369366020289952530e+02
1.825011973625455255e+02
2.520238917076114262e+02
2.320657103600009634e+02
1.727282028762834614e+02
2.130189315458706858e+02
2.130189315458706858e+02
2.201121246896683488e+02
1.757078776540766967e+02
1.757078776540766967e+02
1.757078776540766967e+02
1.623636171463514870e+02
1.623636171463514870e+02
2.180641677951774682e+02
2.258297568814333260e+02
1.809538147566395594e+02
1.799046494666457932e+02
2.701276068196166307e+02
2.011327057394152291e+02
2.011327057394152291e+02
1.677047200599347718e+02
1.487270462216832527e+02
1.487270462216832527e+02
2.562452808912235014e+02
2.209299318636008138e+02
1.940086086467237010e+02
1.971820647552726484e+02
2.001366529885803516e+02
1.849743912810161532e+02
1.627912635127100884e+02
1.788614317009696606e+02
1.815763045560749163e+02
1.821202307245303587e+02
1.975203649283922402e+02
1.747834904789032748e+02
2.456827581382823382e+02
2.456827581382823382e+02
2.456827581382823382e+02
3.028710646955053107e+02
2.486928271427653954e+02
2.486928271427653954e+02
2.605041446120997648e+02
2.542719835701591933e+02
1.518271667880646874e+02
2.438863624623934072e+02
2.337311154629923351e+02
2.534422685057591025e+02
2.429106652680187608e+02
2.833257536388828157e+02
2.015547697075934650e+02
2.794234349910570927e+02
2.971374103818353660e+02
1.891186564959319583e+02
2.961365422573567230e+02
2.294443973606757083e+02
1.871683425547872730e+02
2.271081864831185442e+02
2.676509076553792283e+02
2.676509076553792283e+02
2.676509076553792283e+02
1.683757646039568669e+02
1.586660061858811446e+02
2.552665902266232649e+02
2.616816850027194050e+02
2.431080200704944332e+02
2.598587509104153241e+02
1.495017069455265641e+02
2.555045058538613034e+02
2.398708934706053242e+02
2.100789796216915590e+02
1.894821908898351808e+02
2.789561108402427863e+02
2.074437852418202795e+02
1.946482504095728814e+02
1.978451472955031250e+02
1.978451472955017323e+02
1.474106848755110946e+02
2.180641677951774682e+02
2.254628388344326879e+02
1.875865318594860014e+02
2.472892088438755991e+02
2.643344311245368203e+02
1.653585028159521926e+02
1.220868427253640647e+02
2.671423968753749136e+02
2.244883159076955224e+02
2.360838132612207403e+02
1.859375658929078554e+02
1.635171158446445361e+02
1.492529143754141501e+02
1.830224609849573199e+02
1.692813158799185089e+02
1.199675649782341509e+02
1.942085330415224576e+02
2.026238819885170130e+02
1.981713284844159944e+02
2.064027309570886644e+02
2.259811267282948108e+02
2.686918918282299842e+02
2.434086529947330746e+02
2.427611686077478623e+02
2.879439490554612462e+02
2.098015771432845042e+02
2.082718924938307907e+02
2.508191090956242135e+02
2.826835856281586530e+02
2.176493436028272299e+02
2.149379039999966210e+02
2.313017175009895539e+02
2.537802209069848800e+02
1.780305788745499740e+02
2.390066142195876182e+02
2.537747211250936914e+02
1.875770476094254207e+02
2.287700245465693456e+02
2.056001448150691147e+02
3.038358578614100338e+02
2.366550879540284598e+02
2.205887472821007123e+02
2.293576384909891885e+02
1.980860011868434754e+02
2.675238859229602326e+02
2.583453099736625518e+02
2.134555035032714443e+02
1.990630941454863887e+02
1.952190554350773937e+02
2.054740850018478397e+02
1.865116185863589067e+02
2.110664566426670774e+02
2.260049373716176717e+02
2.260049373716176717e+02
2.449419335724070947e+02
1.952527510372111124e+02
2.893637113732066268e+02
2.625573840336936655e+02
1.228192195242485241e+02
2.115734661000099095e+02
1.565433427455767514e+02
1.646300286183287085e+02
1.907785425319467549e+02
1.613981345302638601e+02
1.779034633898576203e+02
1.779034633898576203e+02
1.779034633898576203e+02
1.475516435966912354e+02
2.780940600150166802e+02
2.246990592918148479e+02
1.796034351592188614e+02
2.201927262618887084e+02
2.201927262618887084e+02
2.201927262618887084e+02
2.917144611195767538e+02
