1.543000000000000114e+02
1.735000000000000000e+02
2.562699999999999818e+02
1.868000000000000114e+02
2.813400000000000318e+02
2.173000000000000114e+02
2.202599999999999909e+02
2.599400000000000546e+02
3.427100000000000364e+02
1.946399999999999864e+02
1.720999999999999943e+02
1.608299999999999841e+02
1.970600000000000023e+02
2.059099999999999966e+02
1.683700000000000045e+02
1.395900000000000034e+02
1.768400000000000034e+02
2.414799999999999898e+02
1.713000000000000114e+02
1.806599999999999966e+02
1.330800000000000125e+02
1.297599999999999909e+02
2.180999999999999943e+02
2.205200000000000102e+02
2.020900000000000034e+02
1.917800000000000011e+02
1.805099999999999909e+02
1.818100000000000023e+02
3.466000000000000227e+02
2.137200000000000273e+02
1.171299999999999955e+02
2.030399999999999920e+02
1.873000000000000114e+02
1.610300000000000011e+02
1.671800000000000068e+02
1.500100000000000193e+02
1.534900000000000091e+02
1.517299999999999898e+02
2.375099999999999909e+02
3.067900000000000205e+02
3.067900000000000205e+02
1.535000000000000000e+02
1.697599999999999909e+02
1.612500000000000000e+02
1.457500000000000000e+02
2.242599999999999909e+02
2.024600000000000080e+02
2.319000000000000057e+02
2.281699999999999875e+02
2.325800000000000125e+02
3.936800000000000068e+02
2.561600000000000250e+02
2.561600000000000250e+02
1.571399999999999864e+02
1.564200000000000159e+02
1.670600000000000023e+02
1.464600000000000080e+02
1.834099999999999966e+02
3.091399999999999864e+02
2.018400000000000034e+02
1.875000000000000000e+02
2.787100000000000364e+02
1.570699999999999932e+02
2.420399999999999920e+02
1.692400000000000091e+02
1.975000000000000000e+02
9.848000000000000398e+01
1.800399999999999920e+02
1.617800000000000011e+02
1.793000000000000114e+02
1.598000000000000114e+02
2.097299999999999898e+02
2.111999999999999886e+02
1.830600000000000023e+02
1.753100000000000023e+02
1.345300000000000011e+02
1.499200000000000159e+02
2.280300000000000011e+02
1.386500000000000057e+02
2.210000000000000000e+02
2.135200000000000102e+02
2.791299999999999955e+02
2.791299999999999955e+02
1.466999999999999886e+02
1.995999999999999943e+02
3.000700000000000500e+02
2.100399999999999920e+02
1.796100000000000136e+02
1.917800000000000011e+02
2.250000000000000000e+02
3.151600000000000250e+02
1.793499999999999943e+02
1.122999999999999972e+02
2.788199999999999932e+02
2.339399999999999977e+02
1.852199999999999989e+02
1.487599999999999909e+02
1.731200000000000045e+02
2.563799999999999955e+02
2.178899999999999864e+02
2.219399999999999977e+02
1.771700000000000159e+02
1.866800000000000068e+02
2.063400000000000318e+02
1.997100000000000080e+02
2.031999999999999886e+02
2.070900000000000034e+02
1.718000000000000114e+02
1.873000000000000114e+02
1.795500000000000114e+02
2.134000000000000057e+02
1.138599999999999994e+02
2.257400000000000091e+02
2.297899999999999920e+02
1.655099999999999909e+02
1.959799999999999898e+02
2.147199999999999989e+02
1.499200000000000159e+02
1.823400000000000034e+02
1.847100000000000080e+02
1.579699999999999989e+02
1.536500000000000057e+02
2.109799999999999898e+02
1.884399999999999977e+02
1.683400000000000034e+02
1.805099999999999909e+02
1.553100000000000023e+02
1.843899999999999864e+02
1.805099999999999909e+02
2.081800000000000068e+02
2.081800000000000068e+02
1.780699999999999932e+02
2.626800000000000068e+02
2.910300000000000296e+02
2.813500000000000227e+02
1.686499999999999773e+02
2.144699999999999989e+02
2.700800000000000409e+02
2.499399999999999977e+02
1.206800000000000068e+02
1.573799999999999955e+02
2.181999999999999886e+02
2.073100000000000023e+02
2.073100000000000023e+02
2.406399999999999864e+02
2.523100000000000023e+02
2.418600000000000136e+02
1.929000000000000057e+02
1.703600000000000136e+02
1.590900000000000034e+02
1.953199999999999932e+02
1.816299999999999955e+02
1.666299999999999955e+02
1.198400000000000034e+02
1.847100000000000080e+02
2.030999999999999943e+02
1.922500000000000000e+02
1.311100000000000136e+02
1.959799999999999898e+02
1.734399999999999977e+02
1.918300000000000125e+02
1.758199999999999932e+02
2.264000000000000057e+02
1.542400000000000091e+02
3.218500000000000227e+02
1.882700000000000102e+02
1.618499999999999943e+02
2.066200000000000045e+02
2.106699999999999875e+02
1.659000000000000057e+02
1.754099999999999966e+02
1.841100000000000136e+02
1.842899999999999920e+02
2.908500000000000227e+02
2.908500000000000227e+02
2.908500000000000227e+02
1.960999999999999943e+02
1.884399999999999977e+02
1.919300000000000068e+02
2.093499999999999943e+02
1.810399999999999920e+02
1.303899999999999864e+02
1.270699999999999932e+02
1.707599999999999909e+02
1.958199999999999932e+02
2.421600000000000534e+02
1.760300000000000011e+02
2.607500000000000000e+02
2.326100000000000136e+02
1.682800000000000011e+02
1.987299999999999898e+02
1.987299999999999898e+02
2.107400000000000091e+02
1.649200000000000159e+02
1.649200000000000159e+02
1.649200000000000159e+02
1.536500000000000057e+02
1.536500000000000057e+02
2.109799999999999898e+02
2.369499999999999886e+02
1.734399999999999977e+02
1.727199999999999989e+02
2.853700000000000045e+02
1.874600000000000080e+02
1.874600000000000080e+02
1.680799999999999841e+02
1.423799999999999955e+02
1.423799999999999955e+02
2.664399999999999977e+02
2.206200000000000045e+02
1.881999999999999886e+02
1.923100000000000023e+02
1.917800000000000011e+02
1.848300000000000125e+02
1.563000000000000114e+02
1.737199999999999989e+02
1.771700000000000159e+02
1.806599999999999966e+02
1.980800000000000125e+02
1.692400000000000091e+02
2.553400000000000318e+02
2.553400000000000318e+02
2.553400000000000318e+02
3.603899999999999864e+02
2.587400000000000091e+02
2.587400000000000091e+02
2.780600000000000023e+02
2.615800000000000409e+02
1.485300000000000011e+02
2.559099999999999966e+02
2.446399999999999864e+02
2.671800000000000068e+02
2.521800000000000068e+02
3.038899999999999864e+02
1.911899999999999977e+02
2.926200000000000045e+02
4.481399999999999864e+02
1.799200000000000159e+02
3.405199999999999818e+02
2.257400000000000091e+02
1.781599999999999966e+02
2.268899999999999864e+02
2.860199999999999818e+02
2.860199999999999818e+02
2.860199999999999818e+02
1.688000000000000114e+02
1.610500000000000114e+02
2.493199999999999932e+02
2.588100000000000023e+02
2.368300000000000409e+02
2.606200000000000045e+02
1.461100000000000136e+02
2.677500000000000000e+02
2.459699999999999989e+02
2.110999999999999943e+02
1.825699999999999932e+02
3.067100000000000364e+02
2.069300000000000068e+02
1.919300000000000068e+02
1.960399999999999920e+02
1.960399999999999920e+02
1.443499999999999943e+02
2.109799999999999898e+02
2.293700000000000045e+02
1.504200000000000159e+02
2.368600000000000136e+02
2.830000000000000000e+02
1.655699999999999932e+02
1.235699999999999932e+02
2.900900000000000318e+02
2.302100000000000080e+02
2.452100000000000080e+02
1.885600000000000023e+02
1.600300000000000011e+02
1.450300000000000011e+02
1.843899999999999864e+02
1.693899999999999864e+02
1.218100000000000023e+02
1.884399999999999977e+02
2.068300000000000125e+02
1.908199999999999932e+02
1.997100000000000080e+02
2.315500000000000114e+02
2.918200000000000500e+02
2.565299999999999727e+02
2.550099999999999909e+02
3.218500000000000227e+02
2.136500000000000057e+02
2.045800000000000409e+02
2.648199999999999932e+02
3.215000000000000000e+02
2.019799999999999898e+02
1.989799999999999898e+02
2.231299999999999955e+02
2.475399999999999920e+02
1.765500000000000114e+02
2.444000000000000057e+02
2.600600000000000023e+02
1.843000000000000114e+02
2.334300000000000068e+02
1.960300000000000011e+02
6.778899999999999864e+02
2.411800000000000068e+02
2.256800000000000068e+02
2.349499999999999886e+02
1.950699999999999932e+02
2.654300000000000068e+02
2.574700000000000273e+02
2.044799999999999898e+02
1.870600000000000023e+02
1.830200000000000102e+02
1.938000000000000114e+02
1.757900000000000205e+02
1.983300000000000125e+02
2.086699999999999875e+02
2.086699999999999875e+02
2.362700000000000102e+02
1.898499999999999943e+02
3.234800000000000182e+02
2.770900000000000318e+02
1.164899999999999949e+02
1.992599999999999909e+02
1.560400000000000205e+02
1.560699999999999932e+02
1.786100000000000136e+02
1.461899999999999977e+02
1.673400000000000034e+02
1.673400000000000034e+02
1.673400000000000034e+02
1.349200000000000159e+02
3.029200000000000159e+02
2.137299999999999898e+02
1.754099999999999966e+02
2.188600000000000136e+02
2.188600000000000136e+02
2.188600000000000136e+02
3.305800000000000409e+02
