6.558524884202306282e+01
6.524517918716399834e+01
6.513680237193220535e+01
6.536905300257689078e+01
6.546077062451858808e+01
6.503504192047272170e+01
6.504034263074366606e+01
6.525480809282311156e+01
6.680529313841553574e+01
6.510973953645567747e+01
6.506210354501354232e+01
6.507783832194303386e+01
6.510446426400233122e+01
6.516305385052891097e+01
6.515093517610613105e+01
6.547629806990885015e+01
6.508705442223197224e+01
6.513126727955823014e+01
6.503220364520346664e+01
6.507405308917201125e+01
6.553552268151587157e+01
6.559399667804208889e+01
6.517918060597354213e+01
6.518989300566357770e+01
6.505809102550279022e+01
6.504261508192847430e+01
6.502577797399402471e+01
6.533118651891213347e+01
6.645179157571584483e+01
6.503463740158983342e+01
6.576947595197110275e+01
6.506905615437123913e+01
6.505712051677693353e+01
6.511400267925877472e+01
6.504519517102320947e+01
6.587913952225019898e+01
6.512522132654271445e+01
6.514377803326779315e+01
6.509626196328974856e+01
6.564229766315729364e+01
6.564229766315729364e+01
6.532079985023496249e+01
6.504647196205391424e+01
6.512617451306452665e+01
6.570143138032979380e+01
6.510583948968205448e+01
6.512048984765203841e+01
6.544352211214423676e+01
6.568115067786737882e+01
6.509285137919292197e+01
7.027431458718051260e+01
6.522357021968873880e+01
6.522357021968873880e+01
6.511281739776526933e+01
6.511197116641778848e+01
6.505099807429643022e+01
6.523965485182348800e+01
6.504089972953590859e+01
6.571939109803851409e+01
6.503721734077889494e+01
6.508798800267098272e+01
6.527806587877239508e+01
6.512035139626790681e+01
6.517046278733054976e+01
6.503771136976344280e+01
6.502907762446123741e+01
6.652148349738313016e+01
6.502173441661327047e+01
6.517267856972034679e+01
6.501914246070377601e+01
6.507638016100634104e+01
6.502518276942986120e+01
6.503178030409323185e+01
6.503944673863271930e+01
6.502700120229526703e+01
6.572247723125721564e+01
6.527427036268852589e+01
6.546531082456507988e+01
6.534019841935061379e+01
6.504528749873713878e+01
6.507986774502252558e+01
6.527777804221747715e+01
6.527777804221747715e+01
6.528550751922395534e+01
6.503088526055198315e+01
6.569861144555733290e+01
6.502511940756987485e+01
6.502391299179193140e+01
6.504261508192847430e+01
6.527529322310340376e+01
6.810239599683215772e+01
6.508763683249094356e+01
6.688903352949259329e+01
6.625188880041100958e+01
6.546980972905969054e+01
6.501301714636915108e+01
6.526847214790244323e+01
6.550426728716458058e+01
6.576342246344151476e+01
6.505854878854887602e+01
6.508409975732011787e+01
6.502345853086127647e+01
6.501353449603656998e+01
6.502198949710997056e+01
6.503297067500849948e+01
6.501790250114878233e+01
6.504808288869347166e+01
6.503779183266614439e+01
6.503236950599536215e+01
6.501912703255131021e+01
6.507088942872033499e+01
6.694104142771473676e+01
6.508386350599721482e+01
6.528975799232249244e+01
6.507683941562174823e+01
6.507700762696546803e+01
6.503530337536541595e+01
6.527427036268852589e+01
6.504694448915662974e+01
6.504771605756816655e+01
6.510670420706662753e+01
6.514655071301126554e+01
6.506977519023807588e+01
6.501426190133904015e+01
6.504099398123680942e+01
6.502577797399402471e+01
6.514060696704275699e+01
6.501319042298186446e+01
6.513483284864086897e+01
6.502682333317969210e+01
6.502682333317969210e+01
6.512128419231633814e+01
6.519453799469663124e+01
6.556160666007822613e+01
6.635357705615604118e+01
6.505102661862572688e+01
6.504043559411941544e+01
6.602832806268823163e+01
6.543336468151468921e+01
6.651398793556842293e+01
6.508999522727981457e+01
6.503619489674299814e+01
6.502225060265308798e+01
6.502225060265308798e+01
6.508632409906846306e+01
6.511966881726199574e+01
6.565335419027488228e+01
6.568110067816597564e+01
6.547931201367775600e+01
6.544420469163297582e+01
6.564628567523124048e+01
6.555668682960934746e+01
6.584163537087029283e+01
6.578911357171213581e+01
6.504771605756816655e+01
6.512419149390701989e+01
6.515879749413859656e+01
6.541537559169206872e+01
6.507700762696546803e+01
6.503847942829398221e+01
6.526883006570376722e+01
6.505926744688743213e+01
6.509614013218802597e+01
6.511381686791443713e+01
6.583593684324766571e+01
6.501196479796769268e+01
6.600897542515322414e+01
6.510897129990637211e+01
6.504051312816892505e+01
6.508725178087919971e+01
6.502855237142266276e+01
6.513794494925667777e+01
6.613050187622337717e+01
6.540258876588114845e+01
6.540258876588114845e+01
6.540258876588114845e+01
6.504306041402472260e+01
6.501426190133904015e+01
6.502230848386697915e+01
6.504731434150828306e+01
6.502391519312931223e+01
6.543820260265283650e+01
6.550469136868829878e+01
6.503452345987723504e+01
6.501984466288978126e+01
6.509583587091300672e+01
6.502542494766464642e+01
6.514897875658972737e+01
6.506425351338202745e+01
6.504570773738096534e+01
6.522318153198730784e+01
6.522318153198730784e+01
6.511602060368358025e+01
6.512392135943223082e+01
6.512392135943223082e+01
6.512392135943223082e+01
6.514655071301126554e+01
6.514655071301126554e+01
6.506977519023807588e+01
6.604498274690578796e+01
6.503847942829398221e+01
6.503668761632242479e+01
6.537860158178418146e+01
6.516655855769568007e+01
6.516655855769568007e+01
6.524582689468292074e+01
6.522734891450116379e+01
6.522734891450116379e+01
6.517933668342493547e+01
6.504013230672433110e+01
6.501442076697645689e+01
6.501224809222082968e+01
6.504261508192847430e+01
6.511862615224941919e+01
6.509892377513203598e+01
6.502692786583349971e+01
6.502345853086127647e+01
6.507405308917201125e+01
6.510167159975577533e+01
6.503771136976344280e+01
6.517990268464211567e+01
6.517990268464211567e+01
6.517990268464211567e+01
6.686538185694648462e+01
6.517065760753845893e+01
6.517065760753845893e+01
6.544769753802849266e+01
6.517663217073423709e+01
6.518788414610847326e+01
6.540146412135698029e+01
6.560706551832245736e+01
6.530171187452313575e+01
6.519121824395597287e+01
6.733347620509059084e+01
6.507788442405595219e+01
6.677336393255120583e+01
7.438944989730345014e+01
6.505319543950457728e+01
6.627236415123236668e+01
6.508386350599721482e+01
6.505166250750990287e+01
6.505066082466746025e+01
6.533350326072753944e+01
6.533350326072753944e+01
6.533350326072753944e+01
6.524531918605399028e+01
6.556274236157211988e+01
6.561587513919090497e+01
6.576987252587028365e+01
6.526680815084799292e+01
6.544255991382004822e+01
6.520965678428829904e+01
6.520085817428150676e+01
6.510609347541870306e+01
6.507359625190005659e+01
6.502245095497572436e+01
6.570659394113077667e+01
6.504268446075805343e+01
6.502230848386697915e+01
6.503201488578115175e+01
6.503201488578115175e+01
6.523847942400590227e+01
6.506977519023807588e+01
6.510387505641443795e+01
7.150422551467094934e+01
6.560330972762751855e+01
6.541624397177902495e+01
6.524868766731283642e+01
6.599239694164313619e+01
6.597415099680259232e+01
6.520159176121474331e+01
6.529281712051209752e+01
6.533277657265836069e+01
6.509708006613627163e+01
6.520411521588128778e+01
6.522993684384930191e+01
6.521484249946074385e+01
6.609784877680803561e+01
6.501426190133904015e+01
6.533880777262386630e+01
6.502856615101006810e+01
6.503297067500849948e+01
6.517544451183479737e+01
6.583233568006778569e+01
6.558691715638475728e+01
6.547171459217251765e+01
6.583593684324766571e+01
6.522266341383786425e+01
6.501953654926386150e+01
6.540448842495197823e+01
7.652967639475008355e+01
6.532138185005952380e+01
6.531650787194830343e+01
6.516877227748878454e+01
6.556302797126919302e+01
6.508705758085714876e+01
6.509618166375707915e+01
6.518255292152889524e+01
6.502347853055955795e+01
6.511195231693220364e+01
6.506968914287654115e+01
8.863471974822788013e+01
6.508611321414292661e+01
6.520217877174532362e+01
6.514537487002118610e+01
6.501741078569818910e+01
6.686932123831206809e+01
6.545324016750997487e+01
6.508066938425552905e+01
6.511357684699758863e+01
6.511831152547023294e+01
6.511361318971998458e+01
6.508839604809352863e+01
6.515884498031896044e+01
6.556039030630950037e+01
6.556039030630950037e+01
6.539985933335789525e+01
6.501299939874877509e+01
6.591819465374447873e+01
6.524593878653014656e+01
6.577844900474930512e+01
6.514803297502498936e+01
6.526211058419875144e+01
6.512562052233558063e+01
6.512091113934600628e+01
6.548617617282276626e+01
6.510808558687141101e+01
6.510808558687141101e+01
6.510808558687141101e+01
6.554657125009512697e+01
6.551634021350642456e+01
6.518422452979115178e+01
6.502855237142266276e+01
6.503653059208185994e+01
6.503653059208185994e+01
6.503653059208185994e+01
6.606570983695642951e+01
