4.422297773151296951e+02
5.013226848220632519e+02
5.489361851448238667e+02
2.964117556367311295e+02
3.884141952253060595e+02
5.219357717055339663e+02
8.444539794039612843e+02
6.999482515118545507e+02
6.265709053091775331e+02
7.930251617562400952e+02
7.320582986486141408e+02
8.109254618276362407e+02
7.185524841239397347e+02
8.229335981385374907e+02
6.897482150336911673e+02
6.790689295506471126e+02
7.026552449926522286e+02
8.493290800755653436e+02
4.758486934961521229e+02
4.970161480345138898e+02
6.557124946136600556e+02
5.208229215266861729e+02
6.582841804459839068e+02
6.582841804459839068e+02
5.098899481393982001e+02
6.490056987794397401e+02
6.515877039996323674e+02
5.993826753347445901e+02
6.446089240668151206e+02
5.533475389084856033e+02
4.271758047040174233e+02
4.461227771715117569e+02
6.341844474401226535e+02
5.757049874295705649e+02
5.842331248880130943e+02
5.494928347462766851e+02
5.610817531637120510e+02
6.639276759891755546e+02
7.263345376568881875e+02
6.455994891254073309e+02
5.366330427801105998e+02
5.958364486376297009e+02
5.579242179221733977e+02
5.002303478895606759e+02
4.373866023461232544e+02
4.309936562399366267e+02
6.206383815943945592e+02
6.206383815943945592e+02
5.514394524793294750e+02
5.378662197695061877e+02
5.907326292054449368e+02
5.734683663776431786e+02
5.280168794114462116e+02
4.728020909423039484e+02
6.521575908358912557e+02
4.305186896983198039e+02
7.121443596397217561e+02
7.121443596397217561e+02
6.090100459775840136e+02
6.541525560033741158e+02
5.747643580293635068e+02
6.400875068238673293e+02
6.236344093585747714e+02
5.324334607978698841e+02
6.656606483814844069e+02
6.790689295506471126e+02
5.929659372760274891e+02
8.534624863648938344e+02
6.750096505666184612e+02
6.770692905360638179e+02
6.538632532597215459e+02
6.538632532597215459e+02
7.521824743803557567e+02
8.183787254824097772e+02
5.382836219913799596e+02
7.421629702807008471e+02
8.010437365439927362e+02
6.722620317145983790e+02
5.079411852093337529e+02
5.199610705670422703e+02
4.992543280050252861e+02
4.408074384194524100e+02
5.338813530584086493e+02
4.379303239109462424e+02
4.568812014766600100e+02
8.679888494772617378e+02
5.524513288492274796e+02
5.086851416023163779e+02
6.654977263406717611e+02
5.730239790581289299e+02
6.948553830178922226e+02
6.544078260071036084e+02
6.563501491740281608e+02
6.358093852625281670e+02
6.732658588318055308e+02
5.648488911860388271e+02
5.648488911860388271e+02
3.329850591485545124e+02
3.991674810876312449e+02
8.379210337800238904e+02
6.126104879233115525e+02
7.049912965332291606e+02
5.001349201184675621e+02
5.373676502978430563e+02
6.329612964042452177e+02
5.065663273095904060e+02
5.061520278759423377e+02
5.215326193756009161e+02
6.049291587300074298e+02
3.889606224367580580e+02
5.809994193754110938e+02
5.601060890281362390e+02
5.593129584780785990e+02
5.601060890281362390e+02
6.732658588318055308e+02
7.504716607371295822e+02
5.985534152848671283e+02
5.358597474403087517e+02
5.349684965637684400e+02
5.348143147331719547e+02
7.606111974335067316e+02
6.820575919864129446e+02
6.820575919864122625e+02
6.820575919864129446e+02
7.421237852655765437e+02
4.993945093465100058e+02
8.489989015398818992e+02
8.212540954176702144e+02
7.761285156678634394e+02
5.277998579580147407e+02
8.835225103006780500e+02
8.662755037965519023e+02
6.330142743002622865e+02
8.748412305550782548e+02
7.639814157614137002e+02
6.915526689058184502e+02
7.611460439857451092e+02
7.998468402731431297e+02
3.460764800163267978e+02
6.076389918706915978e+02
4.908509649414024807e+02
6.066044737919811496e+02
5.959661806986268857e+02
5.260733910703303309e+02
4.899491799742505123e+02
6.261334079889637678e+02
6.974368953249783090e+02
5.757049874295705649e+02
5.891078086645640042e+02
6.099275574373601785e+02
5.766594933741284876e+02
6.037622555541290694e+02
3.246963527814995132e+02
6.149096485373287351e+02
6.340251535470747513e+02
5.556097134767038597e+02
6.148216573847428208e+02
7.115141274745901683e+02
6.397718020121972131e+02
6.567344670215111364e+02
5.992908619843525457e+02
4.292220780552131600e+02
5.593129584780785990e+02
5.601060890281362390e+02
5.793966673226200328e+02
5.297187044055234537e+02
6.740133175739715625e+02
6.538575072096641634e+02
5.309825268469576258e+02
5.958364486376297009e+02
7.243799460591188790e+02
7.243799460591188790e+02
7.243799460591188790e+02
5.527597286887973951e+02
4.990994194430199968e+02
6.269662080928303567e+02
6.493238902984562628e+02
4.656398484897133585e+02
5.708820140859589856e+02
3.362715877935483491e+02
2.940050356830114424e+02
5.991989220111861414e+02
5.991989220111861414e+02
5.991989220111861414e+02
5.756711820917926161e+02
5.423508620313233450e+02
7.357596476808649868e+02
7.671345566575125758e+02
7.327452094877451145e+02
8.033368598434321939e+02
7.755548625274345795e+02
7.319291313596761483e+02
4.042128083428695504e+02
3.703844957971070926e+02
5.874271095544736454e+02
6.205629069493522820e+02
5.271259855373708660e+02
8.427610682360331111e+02
6.926933327124581865e+02
6.183477431216396099e+02
6.210575927758919761e+02
6.210575927758919761e+02
6.210575927758919761e+02
5.973263794199770018e+02
5.973263794199770018e+02
5.973263794199770018e+02
5.270045859929057315e+02
5.413657156223729316e+02
5.413657156223729316e+02
5.413657156223729316e+02
7.087603973522832348e+02
8.004629228918433910e+02
7.163934459631747131e+02
7.942595967985726020e+02
7.683800338454780103e+02
7.154255361940701050e+02
5.311961791930400523e+02
5.034264170972887769e+02
3.406948872107223565e+02
3.722065163761916438e+02
3.718781860199723042e+02
7.190483631259799040e+02
8.154515624643604497e+02
5.650357979569528197e+02
4.980435510354008102e+02
6.805719675990227415e+02
8.382466266631628287e+02
6.837370680925818078e+02
6.382882038614908424e+02
6.768583736246125682e+02
5.981708799804181353e+02
5.758588156854206090e+02
5.758588156854206090e+02
8.910676714522223847e+02
4.976487190629210318e+02
5.132263824041506268e+02
5.132263824041506268e+02
5.132263824041506268e+02
5.763449058202894548e+02
6.148216573847428208e+02
5.974354881621575259e+02
6.928036160407586976e+02
7.529577763958261585e+02
6.805214279724475546e+02
5.145855560709554766e+02
4.328602517545600676e+02
4.320269097304498018e+02
5.793966673226200328e+02
6.639276759891755546e+02
6.181126506358474444e+02
6.493841118304663951e+02
6.214956658018104463e+02
6.403516372785402382e+02
5.992908619843525457e+02
4.694508322383967425e+02
5.992908619843525457e+02
6.371458282592153637e+02
5.784065107134538266e+02
6.181126506358474444e+02
5.567841459461570821e+02
5.264153625523084656e+02
6.475746026645945221e+02
6.320643645450098802e+02
6.698951511212795822e+02
4.707766419910994955e+02
7.694670192209626975e+02
6.574300533527344896e+02
7.108654932188815110e+02
5.937069401334576924e+02
4.565630258525339400e+02
4.555269412571328758e+02
5.500320711537909801e+02
5.760446777602279553e+02
5.366330427801105998e+02
5.792702605299963352e+02
4.700643239640004936e+02
4.956948697017872405e+02
4.560076231850307522e+02
7.067875729570243948e+02
7.067875729570243948e+02
7.067875729570243948e+02
6.599526822720113159e+02
6.496846645555531268e+02
6.496846645555531268e+02
6.496846645555531268e+02
7.089113784250891968e+02
6.823127885517695859e+02
5.527597286887965993e+02
6.653906776521979509e+02
5.788468056300163198e+02
5.788468056300163198e+02
5.831271654281678138e+02
5.555103297422266451e+02
4.690935196872130746e+02
4.859170378662072380e+02
5.086897212227371483e+02
5.899725653691074285e+02
5.520997541160999162e+02
6.485333340511981532e+02
6.558499544100588992e+02
7.129565847484298047e+02
5.763192283257770896e+02
5.556097134767038597e+02
5.556097134767038597e+02
5.556097134767038597e+02
6.148216573847428208e+02
6.423711454145631023e+02
6.423711454145631023e+02
6.198469435517069996e+02
5.556460746140993479e+02
5.690750901744266912e+02
5.309825268469576258e+02
5.309825268469576258e+02
6.008499877349274811e+02
5.310153712841209881e+02
5.567841459461554905e+02
5.569091315182993185e+02
7.335938353129013194e+02
7.335938353129013194e+02
5.768061107381475949e+02
4.677332721335636734e+02
4.013629940958711586e+02
5.022330387951628836e+02
5.022330387951628836e+02
5.757049874295705649e+02
6.012047281107319350e+02
6.012047281107319350e+02
6.048987101269337927e+02
6.043613960421700995e+02
6.043613960421700995e+02
6.048987101269337927e+02
5.797793667981768522e+02
5.020150568758135705e+02
5.173256093268907989e+02
5.177059036780198085e+02
5.277998579580143996e+02
6.515877039996340727e+02
5.260733910703405627e+02
6.494407506220611594e+02
5.533475389084856033e+02
5.582508248501706021e+02
4.661564792596326470e+02
6.601152074944276364e+02
6.601152074944276364e+02
6.601152074944276364e+02
6.280542535642075563e+02
7.834770569356442138e+02
7.834770569356442138e+02
7.707619653064897420e+02
5.595301141667497404e+02
6.975712311597077360e+02
3.814387722245144232e+02
7.150485491715623994e+02
4.752881654111905050e+02
6.062431046295782835e+02
7.544306392664603891e+02
7.540950639784358600e+02
6.261568853422577376e+02
5.734118402544609125e+02
8.496541595631804284e+02
7.230596597625687991e+02
6.561019778931141673e+02
6.583934935175818737e+02
6.351468638010539962e+02
6.351468638010539962e+02
6.351468638010539962e+02
6.351468638010539962e+02
5.738398240025817358e+02
8.089661947624383629e+02
7.453639706583642237e+02
8.158534046147015033e+02
7.819919678673369390e+02
7.448044127466944246e+02
6.072774296007833073e+02
5.520192645296995124e+02
7.112070838866441136e+02
8.465654504642358233e+02
6.716682331010943017e+02
7.081903442204262547e+02
6.372848361741652070e+02
6.397718020121972131e+02
6.397718020121972131e+02
6.165946171816406149e+02
6.165946171816406149e+02
6.165946171816406149e+02
5.522206529623437063e+02
5.656334322673611723e+02
5.656334322673611723e+02
6.354650145064576918e+02
7.242943410795130603e+02
6.036919824686012817e+02
4.395223333041021760e+02
6.349482555460100457e+02
1.055892698561967791e+03
4.784120709461722640e+02
6.971043446128486494e+02
7.878574620666047394e+02
7.585335736883520212e+02
6.961671358735956119e+02
5.205998493194869070e+02
3.382838991859040902e+02
3.769565471227218723e+02
5.391633197130870485e+02
4.648498931091721715e+02
8.333863771145603323e+02
6.201043388566957901e+02
6.609692803666355303e+02
5.753883173496074050e+02
5.788468056300163198e+02
5.788468056300163198e+02
5.511144228466177992e+02
5.511144228466157529e+02
4.642949458916218646e+02
4.814131856076460281e+02
5.958364486376297009e+02
6.764362462463891461e+02
7.401604873902340387e+02
4.241027200681789395e+02
3.955453780942675621e+02
3.984598089970163528e+02
4.652061841056226967e+02
4.634053381241271836e+02
5.397781846987734298e+02
4.553813455772249768e+02
4.161349165600896640e+02
4.058699713931997621e+02
4.807522841794414035e+02
4.800038412177035525e+02
4.553813455772249768e+02
4.540295116533861233e+02
3.955453780942675621e+02
4.042128083428695504e+02
4.890577884915760478e+02
4.553813455772249768e+02
4.553813455772249768e+02
6.580952794652931743e+02
5.224408151389782233e+02
5.020708500862443771e+02
4.150384425660905663e+02
4.264104698970310210e+02
5.653319579446997523e+02
3.700093910057914854e+02
5.117836157121442966e+02
6.910712374753077256e+02
6.823127885517695859e+02
6.820437739432850321e+02
6.592902962358596142e+02
6.156262271503587726e+02
4.775816444758721673e+02
3.875762281767441664e+02
6.315278485504254604e+02
6.328531069382598844e+02
6.293534249428882958e+02
5.756079414507230467e+02
5.219688521942999841e+02
6.266274733996345958e+02
5.206664196843418040e+02
5.250008265263390967e+02
3.869474359567775537e+02
5.984063674678245661e+02
6.211836629731838002e+02
5.527597286887973951e+02
5.210336552834683062e+02
6.431572863063589693e+02
7.120879913599403608e+02
5.958364486376297009e+02
6.280394099010850368e+02
5.994811585129211835e+02
5.992908619843525457e+02
6.181126506358474444e+02
5.757049874295693144e+02
3.888511777563288661e+02
6.984680335026260991e+02
6.362832658173227856e+02
5.826049531627855913e+02
5.779887576155933857e+02
7.694670192209626975e+02
8.049968237849062689e+02
6.281676025409886961e+02
8.279432483623055532e+02
8.866123756172935373e+02
8.866123756172935373e+02
8.866123756172935373e+02
5.838386055394913683e+02
7.882290133318861081e+02
6.760824967243905803e+02
7.819748219959628841e+02
7.453013988133495786e+02
7.271885138343645849e+02
6.753471409297773107e+02
7.625018639827773086e+02
5.396071756073167762e+02
5.396071756073167762e+02
5.396071756073167762e+02
3.351031573643728052e+02
3.354574454783845567e+02
3.502831799369238297e+02
3.925049296230459959e+02
2.892333866686402075e+02
5.391589468723898335e+02
7.089147052039440950e+02
5.802969819557670235e+02
5.847183275402626350e+02
6.777077856471653377e+02
6.083097424154714190e+02
6.083097424154714190e+02
5.895391436554785969e+02
5.885139977614970803e+02
5.895391436554785969e+02
5.885139977614970803e+02
6.195182704116674586e+02
5.887808926179425271e+02
7.581453299079590806e+02
6.076775493645053530e+02
8.194541480820766992e+02
6.521522178191075909e+02
6.716122676082915177e+02
5.198871597237398419e+02
5.358393646694191830e+02
7.009625061012693550e+02
4.914682750896119501e+02
7.808384444036638570e+02
6.544251652494690461e+02
7.293499435060114138e+02
7.098779648941572304e+02
7.098779648941572304e+02
6.540000128512456286e+02
7.759497418365490375e+02
5.140779915112321987e+02
7.032066434545056381e+02
7.167168433249217969e+02
5.184851658781201422e+02
5.551678904944868691e+02
5.551678904944868691e+02
3.364656986027412131e+02
4.740739404514350781e+02
4.172667664849227549e+02
4.443497044901772597e+02
2.865918170598966981e+02
3.749777024889648942e+02
3.889763601862180167e+02
3.783623807111052884e+02
4.109710365058150501e+02
6.555749419948814420e+02
6.555749419948814420e+02
6.555749419948814420e+02
5.401056687036964377e+02
6.185568334815890239e+02
6.037356815849032046e+02
5.847063757657202814e+02
5.640409297701686455e+02
5.640409297701686455e+02
5.640409297701686455e+02
5.631294278980122954e+02
5.633690067349666606e+02
4.584812323583095122e+02
6.125055380013654940e+02
7.512787945938647454e+02
6.936837497766737215e+02
6.727721021072073881e+02
6.727721021072073881e+02
7.626541425856903516e+02
5.262317327974524233e+02
6.327001694856372751e+02
6.327001694856372751e+02
6.327001694856372751e+02
7.320552627197715765e+02
7.320552627197715765e+02
7.320552627197660058e+02
7.320552627197660058e+02
7.320552627197660058e+02
7.320552627197660058e+02
