4.656075606990606275e+02
5.008531579270276097e+02
5.416792346258255293e+02
3.676284387855538967e+02
4.290230550483100842e+02
5.235856035852013974e+02
8.641014361939147648e+02
6.847412648970977216e+02
6.197171860917068216e+02
7.831785394823376691e+02
7.397404703974046924e+02
8.396336947006936953e+02
7.193602212838630976e+02
8.567352916923714474e+02
6.787813436985976523e+02
6.811045314405663476e+02
6.862596150249356697e+02
1.099818449059823024e+03
5.084497375728234942e+02
4.972102073463287297e+02
6.580933118000000377e+02
5.203317127116663414e+02
6.634489918784281599e+02
6.634489918784281599e+02
5.128035166567420902e+02
6.335889962304811434e+02
6.367399514999999610e+02
5.854280961564159043e+02
6.298268744212077763e+02
5.486277399575014897e+02
4.525682667308417990e+02
4.663341724653108145e+02
6.347690557593808762e+02
5.687707296849087015e+02
5.771769558826891853e+02
5.454252381283993145e+02
5.550374312999999802e+02
6.641651299000000108e+02
7.428812364310354042e+02
6.448515524230697338e+02
5.317806717686069078e+02
5.907761939553946604e+02
5.522245280179438396e+02
5.009569260752401760e+02
4.486870600912836835e+02
4.531271969654786744e+02
6.166103170086701084e+02
6.166103170086701084e+02
5.466401013198034207e+02
5.328155626948556574e+02
5.909895665999999892e+02
5.968530982590051508e+02
5.240117034999999532e+02
4.813324672933856050e+02
6.501726819831592366e+02
4.415734890526029517e+02
6.969825056734475766e+02
6.969825056734475766e+02
6.004020722183562384e+02
6.436743452893823587e+02
5.671197369758291416e+02
6.343921808185705231e+02
6.108755059460495431e+02
5.315955187348362188e+02
7.337616772142708896e+02
6.811045314405663476e+02
5.909481965210090948e+02
9.143124221000000489e+02
6.791290548846459387e+02
6.815126556902782795e+02
6.551244124416176646e+02
6.551244124416176646e+02
7.817279214418600759e+02
8.539379485404605248e+02
5.772878075011923329e+02
7.651745202050316266e+02
9.113550720463096013e+02
6.751671746814928383e+02
5.067465447208421097e+02
5.173757746281905838e+02
5.002134519269108068e+02
4.864924095399944690e+02
5.296301040848505863e+02
4.754122370412388818e+02
4.816299745806743999e+02
1.212815094598939140e+03
5.471023412173476572e+02
5.116505862303791901e+02
6.566083949025138509e+02
5.699937164447827627e+02
7.001534630576237532e+02
6.568247622367387066e+02
6.574216683895126607e+02
6.347115828675252942e+02
6.771777476255089141e+02
5.581395009380173633e+02
5.581395009380173633e+02
3.843823927990979428e+02
4.159210783955451802e+02
1.000115547933167591e+03
6.078981155000000172e+02
7.145559637672265580e+02
5.012878065247510335e+02
5.323785043042925054e+02
6.287363269999999602e+02
5.074598408968410581e+02
5.074938322354321940e+02
5.205922971648373050e+02
5.979684476274588860e+02
4.281739686600575965e+02
5.758452657435936999e+02
5.536771306259497578e+02
5.529339856842008203e+02
5.536771306259497578e+02
6.771777476255089141e+02
7.614277691999999433e+02
5.918927939999999808e+02
5.311926981259147169e+02
5.303925748941198890e+02
5.304052720745946772e+02
7.910530893909475481e+02
6.717053724463081608e+02
6.717053724463081608e+02
6.717053724463081608e+02
7.630504363676917592e+02
5.057894407284861700e+02
1.099346114491451544e+03
9.546325203987752275e+02
7.951490705999999591e+02
5.238872157288526523e+02
1.276356937383194690e+03
1.038927726962735505e+03
6.352437339212972347e+02
9.582715675348143805e+02
7.978383443835282378e+02
6.982752167072532075e+02
8.176290985586937268e+02
9.188451801538216159e+02
4.019542288546780924e+02
5.895507440039291396e+02
4.991147926616230848e+02
5.884348720105723487e+02
5.912901454999999942e+02
5.239013219097830643e+02
4.998182343358382127e+02
6.188572666999999683e+02
7.035942559208829152e+02
5.687707296849087015e+02
5.819064775463327805e+02
6.031598805143861455e+02
5.691401479691542136e+02
5.988127784091401509e+02
3.875114522057755266e+02
6.130837331000000177e+02
6.343266754474417439e+02
5.494829289441369156e+02
6.126038936517638831e+02
7.164093499843967265e+02
6.373644375000000082e+02
6.590190830742636763e+02
5.942531561141780685e+02
4.530376081222819380e+02
5.529339856842008203e+02
5.536771306259497578e+02
5.723857785005687902e+02
5.286969726443005584e+02
6.777237394521345095e+02
6.560121514448443349e+02
5.268283047611719212e+02
5.907761939553946604e+02
7.160379882164882019e+02
7.160379882164882019e+02
7.160379882164882019e+02
5.465081890000000158e+02
5.007758214561079058e+02
6.192344761117994949e+02
6.458272473419528978e+02
4.773100037849997079e+02
5.636920604168267346e+02
3.916513314000000037e+02
3.649106764487851251e+02
5.918922711999999819e+02
5.918922711999999819e+02
5.918922711999999819e+02
5.615413738146633023e+02
5.396167306150623517e+02
7.029453933696444210e+02
8.419507481839431193e+02
7.472509965642526595e+02
9.111947738999999729e+02
8.421241291510681322e+02
7.459561950977534934e+02
4.319350204554646098e+02
3.789368604941352032e+02
5.802160147547218685e+02
6.146786281215651115e+02
5.234013095013093562e+02
8.518082784513330807e+02
6.922462623000000121e+02
6.124666188481758127e+02
6.153347050777078948e+02
6.153347050777078948e+02
6.153347050777078948e+02
5.902846198511676903e+02
5.902846198511676903e+02
5.902846198511676903e+02
5.234526510393444596e+02
5.363034887093098178e+02
5.363034887093098178e+02
5.363034887093098178e+02
7.203988587623181274e+02
9.726669900075139594e+02
7.244689994000000297e+02
8.875938002149027852e+02
8.176951995589074613e+02
7.233819223981352025e+02
5.689650357069523352e+02
5.426083151192420928e+02
3.581551618814904714e+02
3.847411212154638065e+02
3.843757155245783110e+02
7.308036098534578286e+02
1.082762599838321421e+03
5.580643409363484579e+02
5.002728274871348049e+02
6.749047033550581318e+02
8.317056857037858890e+02
6.786895744406475615e+02
6.279648561133465137e+02
6.714796310282135892e+02
5.902387258811315860e+02
5.683685222661332546e+02
5.683685222661332546e+02
1.309631839974886589e+03
5.003525088127203730e+02
5.134909106999999722e+02
5.134909106999999722e+02
5.134909106999999722e+02
5.688401151399463060e+02
6.126038936517638831e+02
5.894301742000000104e+02
7.001814580558886973e+02
7.825602848705549377e+02
6.757430145353965827e+02
5.166516000723196385e+02
4.561834379705793481e+02
4.560655192146135164e+02
5.723857785005687902e+02
6.641651299000000108e+02
6.159330476000000090e+02
6.490355235817908124e+02
6.193982733995090939e+02
6.408038725785741008e+02
5.942531561141780685e+02
4.802850904656393141e+02
5.942531561141780685e+02
6.374989982748311377e+02
5.715111603373716207e+02
6.159330476000000090e+02
5.502506187470377199e+02
5.270376933771726726e+02
6.440108475316102385e+02
6.284709243061881807e+02
6.705156030404664307e+02
4.808362342583146756e+02
7.577796881032957117e+02
6.574486692170663673e+02
7.199380165064878838e+02
5.855468109738939120e+02
4.753272918424947875e+02
4.757960640025393104e+02
5.458147341350173747e+02
5.693151840000000448e+02
5.317806717686069078e+02
5.714957417588306043e+02
4.807781753685295030e+02
5.008531579270276097e+02
4.761440239397746268e+02
6.921042798493483588e+02
6.921042798493483588e+02
6.921042798493483588e+02
6.519902142781122620e+02
6.466524629771032551e+02
6.466524629771032551e+02
6.466524629771032551e+02
7.030097519066996483e+02
6.839567352088723737e+02
5.465081890000000158e+02
6.546226480527789136e+02
5.710383196211562336e+02
5.710383196211562336e+02
5.749315846395744529e+02
5.500740525759291586e+02
4.805016447083114599e+02
4.937873757211590942e+02
5.089049663085484667e+02
5.819353407256658102e+02
5.471859212866153257e+02
6.377233673622024526e+02
6.555807679822063392e+02
7.214631761000000552e+02
5.684778915000000552e+02
5.494829289441369156e+02
5.494829289441369156e+02
5.494829289441369156e+02
6.126038936517638831e+02
6.402010518213938894e+02
6.402010518213938894e+02
6.154839021467680595e+02
5.493393035930615724e+02
5.620373017883914599e+02
5.268283047611719212e+02
5.268283047611719212e+02
5.939178721931688187e+02
5.270127802375656074e+02
5.502506187470377199e+02
5.504474785145548594e+02
7.366998897885691804e+02
7.366998897885691804e+02
5.718498538103992814e+02
4.820380901891304006e+02
4.185146151777879027e+02
5.037958012773838732e+02
5.037958012773838732e+02
5.687707296849087015e+02
5.932490905414763347e+02
5.932490905414763347e+02
5.969191525483435043e+02
5.963851217163701222e+02
5.963851217163701222e+02
5.969191525483435043e+02
5.721421214457003543e+02
5.040100435257882054e+02
5.169877453947873391e+02
5.173129344999999830e+02
5.238872157288526523e+02
6.367399514999999610e+02
5.239013219097830643e+02
6.339336904400593085e+02
5.486277399575014897e+02
5.527182337000000416e+02
4.771963053554714520e+02
6.455112071751093481e+02
6.455112071751093481e+02
6.455112071751093481e+02
6.189841786230641674e+02
7.816830677930685169e+02
7.816830677930685169e+02
7.779200583826051343e+02
5.536531354325277334e+02
6.940971294718334548e+02
4.052569781981600840e+02
7.117704240545792800e+02
4.848887571386985087e+02
5.881501138999999512e+02
7.937758820999999898e+02
7.920180545975574660e+02
6.239738993220901193e+02
5.686542524791507276e+02
8.930661212416688386e+02
7.339656060597482110e+02
6.568487855701367835e+02
6.594032412601256965e+02
6.335908318707373610e+02
6.335908318707373610e+02
6.335908318707373610e+02
6.335908318707373610e+02
5.685789234974513420e+02
1.030425867172091785e+03
7.703349581289741081e+02
9.353668951468723662e+02
8.670853064580676346e+02
7.688167171000000053e+02
6.021608205269797054e+02
5.461655478818072424e+02
7.161206924000000527e+02
8.722466212000000496e+02
6.699311019425417726e+02
7.130557338888693266e+02
6.346484335449964647e+02
6.373644375000000082e+02
6.373644375000000082e+02
6.120005354075839250e+02
6.120005354075839250e+02
6.120005354075839250e+02
5.461643973842163859e+02
5.587432748573153276e+02
5.587432748573153276e+02
6.325433806816497508e+02
7.406929511845537490e+02
5.888144279000000552e+02
4.636940563221248794e+02
6.323171700000000328e+02
1.090154863905625007e+03
4.389354869167966058e+02
7.019338056506420571e+02
8.645098178088670693e+02
7.937407160661781518e+02
7.010390017073628997e+02
5.455846355276877375e+02
3.641587058836199731e+02
3.927687817822721854e+02
5.356237102979041538e+02
4.766816954487023850e+02
8.118932497924138261e+02
6.068049659303687804e+02
6.506949065036907314e+02
5.678960258966627634e+02
5.710383196211562336e+02
5.710383196211562336e+02
5.461707030275676971e+02
5.461707030275676971e+02
4.767624422999999751e+02
4.902053758069934020e+02
5.907761939553946604e+02
6.799829278702518423e+02
7.626451583252630826e+02
4.551090290753948580e+02
3.881154660273893455e+02
4.197686429207598735e+02
4.576788667907225090e+02
4.858789392367568212e+02
4.826134210114065581e+02
4.183556737731945532e+02
4.433156905000000165e+02
4.241351320917426619e+02
4.338198761799939120e+02
4.534966546907930933e+02
4.183556737731945532e+02
4.387461341615065749e+02
3.881154660273893455e+02
4.319350204554646098e+02
4.713818584878359275e+02
4.183556737731945532e+02
4.183556737731945532e+02
6.738591664847815537e+02
4.658655718596132829e+02
4.496287573164434548e+02
4.429243886374484873e+02
4.031507874730427829e+02
5.944261357508157744e+02
3.731527914275532680e+02
5.540261887588586660e+02
6.713173736798743221e+02
6.839567352088723737e+02
6.775626484509467673e+02
6.410977812458226026e+02
6.035491693533033413e+02
4.895027305648609399e+02
4.276560090284777971e+02
6.127261940714819275e+02
6.146499398943698225e+02
6.118328775926401022e+02
5.637505818359051091e+02
5.221985647819573160e+02
6.088049693317532274e+02
5.225644252545257586e+02
5.259360717531203591e+02
4.276402909794193761e+02
5.906325837582047598e+02
6.157272330541774181e+02
5.465081890000000158e+02
5.228726599695430650e+02
6.393905782292154072e+02
7.232160568448665572e+02
5.907761939553946604e+02
6.241046582415841613e+02
5.948035973723850702e+02
5.942531561141780685e+02
6.159330476000000090e+02
5.687707296849087015e+02
4.293202250305324128e+02
6.674640698414376629e+02
6.187658132682681753e+02
5.716983962417722296e+02
5.687166316641785215e+02
7.577796881032957117e+02
7.671457714509494963e+02
6.204182551195012820e+02
7.923247369080090721e+02
9.667738299490836198e+02
9.667738299490836198e+02
9.667738299490836198e+02
5.869488143999999465e+02
9.183097762361958303e+02
6.795895693091956673e+02
8.418901821862349379e+02
7.702042176161495490e+02
7.419291909731479109e+02
6.788716738000000532e+02
7.936216373996218181e+02
5.491369201999999632e+02
5.491369201999999632e+02
5.491369201999999632e+02
3.699219052037424262e+02
3.701852470972733045e+02
3.820540900258139345e+02
4.104326191371331447e+02
3.429996837325062984e+02
5.369002067674141472e+02
7.084007327079877996e+02
5.722493075715993882e+02
5.763814738999999463e+02
6.786802397000000155e+02
6.057088048000000526e+02
6.057088048000000526e+02
5.841530459315765711e+02
5.831432874478018675e+02
5.841530459315765711e+02
5.831432874478018675e+02
6.114288589574975958e+02
5.796377989000000071e+02
7.647976106331898336e+02
5.980611700010387040e+02
1.092214135509306743e+03
6.620695978859241677e+02
6.751813050094888240e+02
5.258096631961893763e+02
5.324327305810916187e+02
7.055274315676882679e+02
5.341718780822023973e+02
8.922307906999999432e+02
6.573791972152008611e+02
7.470301109350237994e+02
7.200111205652876833e+02
7.200111205652876833e+02
6.568227422439953216e+02
8.451620215232208011e+02
5.118911604388846968e+02
7.124622663845921124e+02
7.241421586436231337e+02
5.163066056329319053e+02
5.533060861911203574e+02
5.533060861911203574e+02
3.788847231149952108e+02
4.781071494379951901e+02
4.304905382634913735e+02
4.947591259931706986e+02
3.492507534785160601e+02
3.905182656874813460e+02
4.047209886329392816e+02
4.043118117506754743e+02
4.401971721989608000e+02
6.522486706612718308e+02
6.522486706612718308e+02
6.522486706612718308e+02
5.350206946587659331e+02
6.138689010335036755e+02
6.012178565000000390e+02
5.794227786962285336e+02
5.573856689800984441e+02
5.573856689800984441e+02
5.573856689800984441e+02
5.565233351510001967e+02
5.288846393311393967e+02
4.596712225708898245e+02
6.131216761079316484e+02
7.763045103384408776e+02
7.015481512516437306e+02
6.766656275454496381e+02
6.766656275454496381e+02
8.025719872790697309e+02
5.243434024076941569e+02
6.254190594518556736e+02
6.254190594518556736e+02
6.254190594518556736e+02
7.223186012612321747e+02
7.223186012612321747e+02
7.223186012612321747e+02
7.223186012612321747e+02
7.223186012612321747e+02
7.223186012612321747e+02
