1.152255289210709037e+02
1.145158277878894069e+02
1.170095899063630327e+02
1.202482239805688238e+02
1.155666786911231014e+02
1.148014880367538382e+02
1.172122984883299779e+02
1.146962434065780911e+02
1.142122695611783882e+02
1.156705674840447102e+02
1.147790318192027428e+02
1.161038171471947749e+02
1.145469360578480291e+02
1.164452449329279347e+02
1.144890357152153939e+02
1.143612500763176598e+02
1.147676760169063641e+02
1.212378053831351536e+02
1.159767045007956767e+02
1.147195463980573322e+02
1.147850135669901164e+02
1.146722336972757574e+02
1.164933953198340930e+02
1.164933953198340930e+02
1.143375616871327054e+02
1.145836252522903038e+02
1.145516927314371429e+02
1.147763251753822971e+02
1.145410195879417188e+02
1.143648293014931596e+02
1.148781620150031273e+02
1.147410397638416555e+02
1.145810926365731461e+02
1.141561135462899159e+02
1.141452336439161712e+02
1.143734415973847547e+02
1.144073457740687445e+02
1.142915728628090903e+02
1.149801693782222145e+02
1.142683898033762517e+02
1.142060240549383252e+02
1.142092646184479321e+02
1.142202562060579254e+02
1.143842613516354305e+02
1.154267520245117424e+02
1.148754224941495607e+02
1.141863386082344789e+02
1.141863386082344789e+02
1.143057788027565778e+02
1.142333702019041937e+02
1.145688373715551194e+02
1.170493928526292962e+02
1.143033118528414889e+02
1.145220185177684158e+02
1.142391383998025844e+02
1.158434807309485421e+02
1.147452778110283731e+02
1.147452778110283731e+02
1.142291964063768290e+02
1.143655234145596893e+02
1.142958378422678720e+02
1.142268935491851636e+02
1.144260754844087984e+02
1.144377393712973543e+02
1.281180135140353684e+02
1.143612500763176598e+02
1.144034823283723767e+02
1.183078217447571916e+02
1.144775776313379652e+02
1.144836440552744534e+02
1.144354707313891737e+02
1.144354707313891737e+02
1.154510786357393073e+02
1.163840590001960038e+02
1.287468013737839954e+02
1.152175974021080975e+02
1.171692853627103545e+02
1.143827048302594278e+02
1.143883134401595356e+02
1.142643786654375617e+02
1.148666783075975104e+02
1.181598115045594284e+02
1.143397769159859507e+02
1.161722528063457105e+02
1.159532674941678323e+02
1.266999939818778103e+02
1.142666980828844174e+02
1.143267308551773027e+02
1.143519174996692556e+02
1.143677728674534961e+02
1.151250464415197854e+02
1.148270669771993653e+02
1.143478564627096432e+02
1.143184406460933360e+02
1.146722230426091329e+02
1.141711140879462079e+02
1.141711140879462079e+02
1.163243685819609965e+02
1.158586919436933442e+02
1.202229720982600725e+02
1.141792204417623253e+02
1.146634477834301720e+02
1.143598546068305524e+02
1.142158352219302202e+02
1.141909684167601995e+02
1.142884291538400561e+02
1.142861242828799675e+02
1.142311860257069043e+02
1.141573093159440333e+02
1.153172835946735120e+02
1.142377034959518198e+02
1.141881977331937179e+02
1.141913056504999986e+02
1.141881977331937179e+02
1.146722230426091329e+02
1.150663865099456586e+02
1.141458341520986295e+02
1.141985426579059464e+02
1.142024198479178523e+02
1.141941055479058349e+02
1.155512547912572217e+02
1.144427111795164365e+02
1.144427111795166638e+02
1.144427111795164365e+02
1.154659379823734895e+02
1.145190590595663167e+02
1.211870299279572265e+02
1.188504904939491951e+02
1.155532076912113553e+02
1.142566576167354668e+02
1.249456309553524136e+02
1.219205993851477956e+02
1.148726559082206933e+02
1.183446261691202750e+02
1.156686740321368774e+02
1.147997674837754261e+02
1.177331466525544243e+02
1.176350918448846699e+02
1.170109101100571678e+02
1.153815583546126078e+02
1.145117649267135249e+02
1.154521790159952843e+02
1.142295150163412387e+02
1.142107044640786739e+02
1.154509986540870443e+02
1.142205985412303590e+02
1.145174647885849168e+02
1.141561135462899159e+02
1.141409491772716223e+02
1.141650892295405271e+02
1.141678805371721666e+02
1.141931581796368107e+02
1.179736456808012548e+02
1.143737528336898066e+02
1.145361381123075120e+02
1.142073738741960796e+02
1.143386970103239264e+02
1.145550690874543420e+02
1.142122475400125694e+02
1.147130712228582752e+02
1.142012570312561195e+02
1.148610582099990864e+02
1.141913056504999986e+02
1.141881977331937179e+02
1.141502501728833749e+02
1.142903815086385606e+02
1.149017689208637591e+02
1.147336844785430117e+02
1.142218542780120316e+02
1.142092646184479321e+02
1.146162866631235175e+02
1.146162866631235175e+02
1.146162866631235175e+02
1.141551586962714566e+02
1.143519128877829587e+02
1.142332212908250142e+02
1.142317413119397855e+02
1.145484994668821059e+02
1.141705386239118099e+02
1.160840926453865478e+02
1.190142915515015858e+02
1.141545440191323451e+02
1.141545440191323451e+02
1.141545440191323451e+02
1.167403991000631578e+02
1.144686340240277360e+02
1.164359257170600586e+02
1.187054209502548616e+02
1.158878393541873351e+02
1.171509966816889943e+02
1.162982555872433892e+02
1.158053923169464241e+02
1.165724418933227611e+02
1.173287563578474106e+02
1.141408383952502845e+02
1.141759334724179809e+02
1.142440238378160018e+02
1.172217112387693163e+02
1.143845710342207127e+02
1.141697659347881313e+02
1.141746465970762046e+02
1.141746465970762046e+02
1.141746465970762046e+02
1.141451037195066789e+02
1.141451037195066789e+02
1.141451037195066789e+02
1.142303455586260839e+02
1.141733827573872588e+02
1.141733827573872588e+02
1.141733827573872588e+02
1.148000792697340700e+02
1.224901417920248434e+02
1.155058630901667840e+02
1.168983608705089239e+02
1.159972496141182745e+02
1.154490287988083566e+02
1.175959047769822803e+02
1.165575187257198877e+02
1.182033462752263233e+02
1.163785988066446464e+02
1.163961110488798312e+02
1.147838419354398525e+02
1.221331988417256298e+02
1.141493728183057499e+02
1.143464418375920957e+02
1.143455159411235940e+02
1.173437215389960073e+02
1.143514335838508487e+02
1.143271961109916788e+02
1.143291704556086614e+02
1.141838648313689504e+02
1.141579556946592504e+02
1.141579556946592504e+02
1.301479220643805377e+02
1.143383324007565847e+02
1.142549460958597791e+02
1.142549460958597791e+02
1.142549460958597791e+02
1.141676523483423580e+02
1.143386970103239264e+02
1.141875421579483287e+02
1.145841048668037558e+02
1.154335342869398744e+02
1.143369832698952280e+02
1.143364340409598725e+02
1.148218086856062712e+02
1.148368576337279023e+02
1.141502501728833749e+02
1.142915728628090903e+02
1.143276753675092863e+02
1.142758122277800936e+02
1.143179148696632978e+02
1.145047151245166788e+02
1.142012570312561195e+02
1.145138713056577160e+02
1.142012570312561195e+02
1.145197721053227582e+02
1.141558118939823885e+02
1.143276753675092863e+02
1.141496308076546029e+02
1.147255057851372868e+02
1.142271548451941072e+02
1.141893837391560567e+02
1.143117200873569175e+02
1.145106808293801635e+02
1.151970318864291443e+02
1.142779468106600547e+02
1.146567109924401535e+02
1.141974864129722249e+02
1.149966619712633644e+02
1.169510064711988235e+02
1.143231084118044549e+02
1.141656202010219658e+02
1.142060240549383252e+02
1.142247757984531091e+02
1.145084140360669380e+02
1.143495900603575990e+02
1.171689828682171992e+02
1.146992947685847923e+02
1.146992947685847923e+02
1.146992947685847923e+02
1.143160638209941595e+02
1.142312485829893802e+02
1.142312485829893802e+02
1.142312485829893802e+02
1.144807663102132125e+02
1.143642772103091545e+02
1.141551586962711013e+02
1.144037549106949569e+02
1.142408172665914208e+02
1.142408172665914208e+02
1.142502146700625332e+02
1.142164067430645389e+02
1.145119092378321284e+02
1.144104444124237858e+02
1.142830321857386480e+02
1.141901127830867182e+02
1.142290661850747568e+02
1.143634882469847156e+02
1.142693296756949195e+02
1.152066824134293057e+02
1.143003836209772572e+02
1.142073738741960796e+02
1.142073738741960796e+02
1.142073738741960796e+02
1.143386970103239264e+02
1.142183105115246633e+02
1.142183105115246633e+02
1.141765592151336079e+02
1.141908131408978306e+02
1.141519483650136948e+02
1.142218542780120316e+02
1.142218542780120316e+02
1.141484066005680660e+02
1.142100878852476313e+02
1.141496308076543471e+02
1.141503270795791423e+02
1.147088575648876656e+02
1.147088575648876656e+02
1.142562098491511620e+02
1.146236263389193653e+02
1.158667725467278302e+02
1.143157966785431938e+02
1.143157966785431938e+02
1.141561135462899159e+02
1.141895723648430163e+02
1.141895723648430163e+02
1.141967468032797939e+02
1.141956885930220693e+02
1.141956885930220693e+02
1.141967468032797939e+02
1.141630227580519943e+02
1.143094483250900453e+02
1.142415916844426533e+02
1.142405175259934396e+02
1.142566576167357084e+02
1.145516927314370292e+02
1.142107044640785745e+02
1.145897446322042583e+02
1.143648293014931596e+02
1.143783977548823430e+02
1.145558929807718584e+02
1.145524790665023573e+02
1.145524790665023573e+02
1.145524790665023573e+02
1.142709618822317594e+02
1.154237253244514676e+02
1.154237253244514676e+02
1.152861031504589562e+02
1.142223556681254308e+02
1.144032921421703293e+02
1.158750457935669687e+02
1.145052682725820858e+02
1.144667484169299030e+02
1.154489279315722285e+02
1.169586803203284120e+02
1.168370078910639620e+02
1.142815193318834019e+02
1.142731163058239190e+02
1.178894909341152584e+02
1.147823887881498024e+02
1.143167801244103998e+02
1.143224098309965484e+02
1.142750198642288808e+02
1.142750198642288808e+02
1.142750198642288808e+02
1.142750198642288808e+02
1.142453122107805115e+02
1.218997302464311900e+02
1.163849284269776092e+02
1.179664323140914632e+02
1.166267799834677277e+02
1.162840855028249791e+02
1.141761060610351706e+02
1.142254899216714392e+02
1.145534937306292704e+02
1.173675988828405110e+02
1.142974305926049112e+02
1.145344314023740822e+02
1.142068815890427658e+02
1.142122475400125694e+02
1.142122475400125694e+02
1.141747898394146006e+02
1.141747898394146006e+02
1.141747898394146006e+02
1.142059371865746868e+02
1.141590419717066283e+02
1.141590419717066283e+02
1.142009063650840801e+02
1.150026611227331728e+02
1.148273954452941865e+02
1.152197754983492501e+02
1.142083040135893128e+02
1.301338636827012749e+02
1.189170798421777278e+02
1.152978840283014961e+02
1.168460120980747519e+02
1.156476031751052602e+02
1.152560802781441680e+02
1.157680803832921583e+02
1.170095697708173077e+02
1.159719478325486506e+02
1.142040297522451198e+02
1.145563503991106415e+02
1.175806722467380183e+02
1.144692856344109373e+02
1.143765002570657145e+02
1.142336136789938337e+02
1.142408172665914208e+02
1.142408172665914208e+02
1.142109852354975459e+02
1.142109852354973043e+02
1.145524064321669044e+02
1.144314741268630939e+02
1.142092646184479321e+02
1.144061066899938339e+02
1.151907729130381455e+02
1.160496171893960877e+02
1.202209090825572417e+02
1.165876620168256892e+02
1.187308077255401599e+02
1.197338898945994998e+02
1.300182420473529419e+02
1.179383581999406516e+02
1.159727227611574705e+02
1.173420831356189495e+02
1.214556213847429262e+02
1.180097775385279704e+02
1.179383581999406516e+02
1.181122544835174040e+02
1.202209090825572417e+02
1.165724418933227611e+02
1.195319467001089890e+02
1.179383581999406516e+02
1.179383581999406516e+02
1.205670646659838781e+02
1.259855825376018288e+02
1.255575961906359481e+02
1.159740178009818976e+02
1.205105108738084425e+02
1.214485432860655436e+02
1.189439142001809415e+02
1.192452776376161410e+02
1.149561495003821250e+02
1.143642772103091545e+02
1.143405339220869195e+02
1.147903000370404243e+02
1.143992726192755072e+02
1.146131105129733214e+02
1.153820708087846043e+02
1.149478222215023209e+02
1.148618133534278343e+02
1.148101945941221089e+02
1.154822347957086919e+02
1.142872506578702172e+02
1.148726275904176362e+02
1.146536434637548609e+02
1.146738173209585199e+02
1.154657825109213007e+02
1.141749282875041871e+02
1.141713395374557791e+02
1.141551586962714566e+02
1.146977830370778833e+02
1.142159037707336466e+02
1.147369966693405701e+02
1.142092646184479321e+02
1.141820877650611692e+02
1.142197971842838626e+02
1.142012570312561195e+02
1.143276753675092863e+02
1.141561135462899159e+02
1.155644166034791738e+02
1.163043095521464068e+02
1.147672941951183390e+02
1.147141014642727299e+02
1.145308138830928328e+02
1.151970318864291443e+02
1.176070225059003320e+02
1.142362328879518145e+02
1.182046423159899007e+02
1.189134718046091876e+02
1.189134718046091876e+02
1.189134718046091876e+02
1.147716158188441540e+02
1.209262248912770730e+02
1.151830427569171746e+02
1.166164211689090280e+02
1.153089522014261377e+02
1.151471714785307796e+02
1.151373879146347576e+02
1.155897353010684299e+02
1.150436430481212255e+02
1.150436430481212255e+02
1.150436430481212255e+02
1.164845158432963785e+02
1.164719519182652903e+02
1.160911508942539996e+02
1.159234698747928718e+02
1.191870660018721821e+02
1.143682047420719670e+02
1.144707777370074240e+02
1.142635278172956106e+02
1.142536111974332300e+02
1.143393661157686836e+02
1.143300583355024287e+02
1.143300583355024287e+02
1.142077896000191544e+02
1.142108476783997020e+02
1.142077896000191544e+02
1.142108476783997020e+02
1.142274692935523035e+02
1.143085497416284397e+02
1.150818821654385999e+02
1.142744238228540183e+02
1.217047416978163028e+02
1.183834735904175233e+02
1.148218301169790294e+02
1.149784990414458434e+02
1.144227886250829869e+02
1.161274925270915332e+02
1.166344686254217891e+02
1.202343364042839795e+02
1.150577573442043757e+02
1.150774678539591491e+02
1.149752928253543161e+02
1.149752928253543161e+02
1.150023274632228123e+02
1.163517088940488264e+02
1.143577771323407717e+02
1.146503405876094206e+02
1.146444824956093527e+02
1.142599943717022342e+02
1.144649599572493770e+02
1.144649599572493770e+02
1.163289104688156073e+02
1.148769349055472873e+02
1.158803857735733942e+02
1.169585959409374425e+02
1.187906143619909329e+02
1.160171477152279209e+02
1.164126196475432238e+02
1.158810183900477284e+02
1.150646141219212808e+02
1.142487467393508638e+02
1.142487467393508638e+02
1.142487467393508638e+02
1.141823268976564520e+02
1.141699246931809029e+02
1.143491286047374018e+02
1.142234658449034157e+02
1.141744471896757744e+02
1.141744471896757744e+02
1.141744471896757744e+02
1.141773903367457024e+02
1.341063871396250420e+02
1.189350662778189189e+02
1.146271381667695977e+02
1.153497875736355098e+02
1.146745110374414196e+02
1.146133323254854020e+02
1.146133323254854020e+02
1.157807274582547450e+02
1.142153631396401323e+02
1.142359568444616116e+02
1.142359568444616116e+02
1.142359568444616116e+02
1.147024388978864948e+02
1.147024388978864948e+02
1.147024388978868501e+02
1.147024388978868501e+02
1.147024388978868501e+02
1.147024388978868501e+02
