8.974547216941594741e+00
8.836933021689130641e+00
9.047669365340198055e+00
8.889690216235342390e+00
8.817055168385605768e+00
9.103367432181848073e+00
8.823160862651320713e+00
8.839524958742764227e+00
8.964029659543605533e+00
9.968615684062317683e+00
8.849022477899126216e+00
8.946274600970536284e+00
8.984142602480661211e+00
9.063618451344314764e+00
8.929965435036773869e+00
8.913522161607765781e+00
8.938443043904058527e+00
8.893858160928711953e+00
8.848482449994687471e+00
9.204380825326172300e+00
8.871649394424842683e+00
8.912692921101266208e+00
8.918033549810216343e+00
8.900194969782029730e+00
8.886955062616783252e+00
8.821952982128395959e+00
8.860441802570946379e+00
8.867209048985316144e+00
8.823053781842947529e+00
8.825678972631894936e+00
8.829531235428545344e+00
8.817667982200992682e+00
8.824040689769068635e+00
8.826389929333590345e+00
8.916126292907380346e+00
8.835319774791010161e+00
8.888627561484918616e+00
8.907838841343716396e+00
8.955643291308593490e+00
8.840987028710703299e+00
9.034821477692274172e+00
9.790487324104917732e+00
8.853704169169406057e+00
8.865965109628387353e+00
8.847283075311501932e+00
8.885174533117403683e+00
8.885174533117403683e+00
8.880875891678490675e+00
8.825993024798593822e+00
8.858707622495803236e+00
8.816628374450202088e+00
8.984243213103081160e+00
8.832817608106889651e+00
8.857205280675604087e+00
9.871799617512877489e+00
8.961280576194530667e+00
1.000423423865440675e+01
8.841673045064590397e+00
8.850548377216409079e+00
8.873568944086407839e+00
8.889104359230145747e+00
8.844422569855005634e+00
8.854844146867961285e+00
8.854926021431456462e+00
8.843402818442767099e+00
9.029205913297072783e+00
8.868784350729219668e+00
8.834487011496539921e+00
9.472569233053183879e+00
8.823746540056555787e+00
8.845253680362841209e+00
9.204576686458496582e+00
9.049408384639974656e+00
8.846034959411699816e+00
8.932307579413727439e+00
8.821899945381604269e+00
8.848515532994701616e+00
9.382059929405279775e+00
8.825046012607135282e+00
8.913486873623689632e+00
8.826398902394572588e+00
8.828945874142299033e+00
8.958164129710437962e+00
8.837809483372389252e+00
8.829559891877220679e+00
8.818266517917189518e+00
8.818266517917189518e+00
8.821524430582220688e+00
8.826049550776639663e+00
8.822900712146610758e+00
8.826049550776639663e+00
8.888276344819178831e+00
8.825487047039310085e+00
8.826405190681429147e+00
8.831758739923380119e+00
8.832265863648048665e+00
8.859778759384612457e+00
8.859778759384612457e+00
8.859778759384612457e+00
8.859778759384612457e+00
8.858153257284557824e+00
8.830737049297960439e+00
8.830737049297960439e+00
9.207009618334151213e+00
8.823053781842947529e+00
8.820811717934258667e+00
8.825678972631894936e+00
8.972954753549805318e+00
9.840396779160720087e+00
8.841640280140586228e+00
9.321137052388477784e+00
9.089620919567938273e+00
9.518042754180669363e+00
8.821085004547997599e+00
8.858101655353706860e+00
9.090724954360133836e+00
9.403972695734344356e+00
8.885362396959202158e+00
8.852832426492071249e+00
8.820746318167122624e+00
8.823823938173923409e+00
8.817055168385605768e+00
8.822478764847996757e+00
8.827290545958449641e+00
8.874973958381925598e+00
8.831382268572880889e+00
8.829719402407009810e+00
8.817999272237804220e+00
8.819477956964865584e+00
8.843141147610559472e+00
9.592528102488126152e+00
8.821241757938645733e+00
9.000459881664930606e+00
9.003361392393422591e+00
8.899696775162871276e+00
8.826580632389921632e+00
8.832881591570618696e+00
8.816006122119430799e+00
8.847388936441427987e+00
8.821381178461564332e+00
8.822900712146610758e+00
8.826049550776639663e+00
8.825221824366122902e+00
8.835449934471965250e+00
8.823369709623387180e+00
8.850034395816466670e+00
8.821743512923534425e+00
8.817476346571270440e+00
8.829531235428545344e+00
8.816022159826720994e+00
8.854540371329866488e+00
8.823889097832099182e+00
8.860676426832174712e+00
8.817335176851056389e+00
8.817335176851056389e+00
9.012059874242876134e+00
8.855397365528125064e+00
9.037132619757214158e+00
1.025660317134533805e+01
9.373785239277660608e+00
8.821013264634224527e+00
8.904866450791836030e+00
9.370758064552639155e+00
9.330569902666221438e+00
9.063344236505621154e+00
1.001578878927850091e+01
8.830299457097234850e+00
8.879448139322676070e+00
8.825555405291977351e+00
8.825555405291977351e+00
8.855434656258170278e+00
8.847526717880640490e+00
9.278538363178755688e+00
9.020477445196108945e+00
8.987408991633436983e+00
9.096919400769520436e+00
9.012342166976903712e+00
8.996474417947268876e+00
8.946056685936220276e+00
8.948416055462317331e+00
8.892554636509611754e+00
8.825221824366122902e+00
8.860441802570946379e+00
8.877462399891767220e+00
8.832881591570618696e+00
8.852981189327255862e+00
8.847388936441427987e+00
8.996657333983678839e+00
8.816688221358822020e+00
8.891721881563558583e+00
8.818709206185642913e+00
8.844104237351153586e+00
8.870393681591798085e+00
8.851371531628155154e+00
8.822263100660869384e+00
8.821077361638476333e+00
8.824441617113812697e+00
8.910861107425168015e+00
8.827360527357773989e+00
9.364954717247089278e+00
8.915758136754568852e+00
8.829288691279383983e+00
8.839744530026658609e+00
8.825156191723973365e+00
8.873063378868812023e+00
9.297733775323409944e+00
8.869089233641599179e+00
8.869089233641599179e+00
8.869089233641599179e+00
8.828171705420714943e+00
8.854448204396920374e+00
8.816055007222466600e+00
8.817936865628551502e+00
8.817476346571316626e+00
8.885839181440989165e+00
8.879020698515665444e+00
8.828838512730509791e+00
8.855113518929440986e+00
8.847760484577985807e+00
8.845501243329904284e+00
8.816621082541564292e+00
8.866094457601025880e+00
8.827151737880425841e+00
8.818932568985410114e+00
8.896644514906299150e+00
8.918593172237114786e+00
8.828948088170665898e+00
8.818202174100466806e+00
8.906548037029132558e+00
8.906548037029132558e+00
8.864996448354085956e+00
8.821952982128347998e+00
8.821241757938645733e+00
8.821241757938645733e+00
8.821241757938645733e+00
8.823369709623387180e+00
8.823369709623387180e+00
8.850034395816466670e+00
9.013017782671195022e+00
8.816688221358869981e+00
8.817165366369657420e+00
8.936349997952421020e+00
8.863899892711756934e+00
8.863899892711756934e+00
8.869614787253372157e+00
8.833487038613075271e+00
8.833487038613075271e+00
9.293848801029037432e+00
8.827290545958449641e+00
8.874973958381925598e+00
8.874973958381925598e+00
8.868729033986497257e+00
8.871665564894030354e+00
8.823302962905822611e+00
8.823302962905822611e+00
8.820811717934258667e+00
8.825678972631894936e+00
8.869025838886127389e+00
8.822383514879151178e+00
8.825125529962805970e+00
8.823823938173969594e+00
8.918033549810216343e+00
8.905426390214790544e+00
8.846034959411651855e+00
8.821899945381604269e+00
8.844673751960071328e+00
8.844673751960071328e+00
8.844673751960071328e+00
9.593790020521741013e+00
8.846736420124670985e+00
8.820403459237631694e+00
8.820403459237631694e+00
8.845677472363338012e+00
8.882048207831649833e+00
8.872680692062816732e+00
8.869951822057316804e+00
8.892333438804628898e+00
8.859647022043702691e+00
8.857036335272811201e+00
9.447590165891234903e+00
8.838152745466112847e+00
9.382518645227849063e+00
1.033391406577998062e+01
8.820119132111871707e+00
9.100760991839266012e+00
9.000459881664930606e+00
8.820379983647752553e+00
8.817432482126827509e+00
8.821405186023827838e+00
8.821405186023827838e+00
8.821405186023827838e+00
8.871882460298467166e+00
8.954076869827627405e+00
9.255743696232581641e+00
9.316949705128987347e+00
8.983018493417580075e+00
8.986405367774128905e+00
8.847811983798573365e+00
9.201255595302738399e+00
8.859488367293078426e+00
8.857260327729136407e+00
8.815984924318501115e+00
8.867272796397168477e+00
8.889690256952073710e+00
8.885839181440989165e+00
8.830195389358712177e+00
8.830195389358712177e+00
8.856384040036818561e+00
8.860744459384010341e+00
8.850034395816466670e+00
8.851802756790611681e+00
1.018437346544480171e+01
9.923694512547990954e+00
1.041982388915880620e+01
8.875476061923500026e+00
8.884967523859893745e+00
8.973627817068578594e+00
8.978730201154874635e+00
9.234589698858785667e+00
9.255659575004546724e+00
8.910697379910430982e+00
8.835423487430221101e+00
8.835592994923267440e+00
8.845729437151995000e+00
8.988484196451000940e+00
8.975614996437439430e+00
9.009887034918662607e+00
8.879115179183205697e+00
8.817476346571270440e+00
8.892559153843405895e+00
8.818110797694883374e+00
8.827290545958449641e+00
8.846964694971008569e+00
8.873238293318376435e+00
8.864897974925515456e+00
8.852640379074205867e+00
8.910861107425168015e+00
8.864581255263082937e+00
8.819717456531854793e+00
8.981488783842477730e+00
1.037043623875380760e+01
8.964874570145084931e+00
8.952385337591003633e+00
8.917475572988035282e+00
9.176393964898501565e+00
8.843396322201519055e+00
8.947544334078772366e+00
8.878568092814186130e+00
8.826043934985122519e+00
8.823436843245394456e+00
8.846519353001372821e+00
1.037572449824839538e+01
8.816225824629839281e+00
8.838009094489430950e+00
8.827568181402391190e+00
8.822855411848276930e+00
9.825689791664242279e+00
9.047423886374810209e+00
8.870750565915797026e+00
8.862347021403262914e+00
8.853607910663507496e+00
8.963968207603848271e+00
8.853742604343000977e+00
8.891958069709838597e+00
9.215631477399364613e+00
9.215631477399364613e+00
9.043351343223264394e+00
8.822538465008495479e+00
1.008628128364446752e+01
8.819797658579092925e+00
9.691226281949683496e+00
8.954754584146133567e+00
8.887514509588708478e+00
8.836916352449430079e+00
8.841878795971842564e+00
8.840095479268073930e+00
8.904820012049860622e+00
8.829174785129469072e+00
8.829174785129469072e+00
8.829174785129469072e+00
8.825143092250149479e+00
8.847884267668234770e+00
8.883499568568209881e+00
8.883499568568209881e+00
1.043330144533451964e+01
8.908433107789068828e+00
8.825156191723879218e+00
8.826778667185335436e+00
8.826778667185523730e+00
8.826778667185523730e+00
8.973865903927213949e+00
