2.518767063128348127e+01
3.032976275625210150e+01
2.893303031853035634e+01
2.764481705426725000e+01
3.403995182242901762e+01
5.038384903602548803e+01
3.598041029794406143e+01
3.747252734972285992e+01
4.637925048871214528e+01
5.475909676239172796e+01
3.663061812217316771e+01
2.897983671499656921e+01
2.647871778847651569e+01
2.423293823059097818e+01
3.021283859623400048e+01
3.399517633750213008e+01
2.859283384352155721e+01
2.313406842006537545e+01
3.124268951636975444e+01
5.485660184775120740e+01
3.431914858263147039e+01
3.890843324599793362e+01
4.001192309515063528e+01
2.280644682024597714e+01
2.348530343118182273e+01
3.553216052332022912e+01
3.427695313112725017e+01
3.990029011809135540e+01
3.552162092486086920e+01
3.608112491308686742e+01
2.964588342014108946e+01
3.302798904929103685e+01
3.143358650909486229e+01
3.257207412568502036e+01
4.702531920033439405e+01
2.940818249420089359e+01
2.394943174268512465e+01
2.314188462136688429e+01
2.063435446607690693e+01
2.897022455488414749e+01
4.826927114432841392e+01
1.985457573145998111e+01
2.678473518072799564e+01
2.601621492054955809e+01
3.825008245924827577e+01
4.610161643013809396e+01
4.610161643013809396e+01
2.396132255983365411e+01
3.629623930084554218e+01
3.897251978111057724e+01
3.428556726717269498e+01
2.012577740660307413e+01
3.357227272322768385e+01
3.845532910867999021e+01
3.248131729191945993e+01
3.093686928744218889e+01
2.691018098551454329e+01
3.629335118567886553e+01
3.410945495945680506e+01
3.796306803684515074e+01
4.088625162985542971e+01
3.377406865975690664e+01
2.889060060157821397e+01
2.866174665788438958e+01
2.929546618192178897e+01
2.531489391463551897e+01
2.678756863036121416e+01
3.185151793906703332e+01
6.238789414075611006e+01
3.452647284772864822e+01
3.102713383223446897e+01
5.752705160680535101e+01
4.995477581448098903e+01
2.695807838949271229e+01
4.441536946933786112e+01
3.192718156555323361e+01
3.096775637224966360e+01
1.843449143960680559e+01
3.169149719916898178e+01
3.984304743271228233e+01
3.133180014740058539e+01
3.249886795374305137e+01
2.494681532226325160e+01
2.856614405366716269e+01
2.951280632546536964e+01
3.425739178085331105e+01
3.425739178085331105e+01
3.409501480285960184e+01
3.296414096900990387e+01
3.346884942369507598e+01
3.296414096900990387e+01
3.199612982147056783e+01
3.070307876202787867e+01
3.112389564153244237e+01
3.055338129435130412e+01
3.697519901633497597e+01
3.930348853963445777e+01
3.930348853963445777e+01
3.930348853963445777e+01
3.930348853963445777e+01
2.644487501387000705e+01
3.438435588537785748e+01
3.438435588537785748e+01
5.004550531586799877e+01
3.552162092486086920e+01
3.214293481660502039e+01
3.608112491308686742e+01
4.317328289229659788e+01
5.913408685857811520e+01
2.902524212211295662e+01
1.610563260759711923e+01
4.093349330753250115e+01
5.286154944009011558e+01
3.396671419482299825e+01
2.635918058161937694e+01
3.541368769664649818e+01
4.826178311666873100e+01
4.289606867094440190e+01
3.862514415153109582e+01
3.234423509991073331e+01
3.242889291192571477e+01
3.403995182242901762e+01
3.581772159200041727e+01
3.646406239048915410e+01
4.468364599910330526e+01
3.652943561440139320e+01
2.947749212952327724e+01
3.451690313833206858e+01
3.217510363076220870e+01
3.740923040329020921e+01
1.456684230728341589e+01
3.382839770252204659e+01
4.943302399163249561e+01
4.633407117520108898e+01
4.344290969679789072e+01
3.316279891489517695e+01
2.922066839930777249e+01
3.384597907042207510e+01
3.810842658498521018e+01
3.334393042411461039e+01
3.346884942369507598e+01
3.296414096900990387e+01
3.619130430648466046e+01
2.933629588966264379e+01
3.153720733969204559e+01
3.841768133621008730e+01
3.435096351102375678e+01
3.461133684423303691e+01
2.964588342014241817e+01
3.417310082015479367e+01
2.617528284072229283e+01
3.110362463419279422e+01
3.349855643967924834e+01
3.404194759016834126e+01
3.404194759016834126e+01
3.338458467395406615e+01
3.007620152171560335e+01
4.947701503166224768e+01
6.238218779223442567e+01
5.317626006208962508e+01
3.193881246650739669e+01
4.726131371322735220e+01
5.150661796382578927e+01
3.097350771149640281e+01
2.940955281638664331e+01
1.698837371676448882e+01
2.941899566295458612e+01
4.514619973214571758e+01
3.572052829954316167e+01
3.572052829954316167e+01
3.860854189478127552e+01
3.825174004371840653e+01
4.019506148584241600e+01
3.339206054746922803e+01
2.996950231342147575e+01
2.726899402220373858e+01
3.303077825550187185e+01
3.219282421148978557e+01
3.202303517308904901e+01
3.164087877566889517e+01
2.324482605701109605e+01
3.619130430648466046e+01
3.427695313112725017e+01
4.015288305559612780e+01
2.922066839930777249e+01
2.628251105351056083e+01
3.810842658498521018e+01
4.587918092267065617e+01
3.430455536369042591e+01
3.176665922760409799e+01
3.404028616277089725e+01
3.066484387511319909e+01
4.016226775616657108e+01
2.653748510125749505e+01
3.154879826049010205e+01
3.524340843899024378e+01
3.579825506430476878e+01
4.585427518235606215e+01
3.570805073212568459e+01
3.262826793398754432e+01
4.062773826113579645e+01
3.662862237763275886e+01
2.986193617744648066e+01
3.175343806661319235e+01
3.374079902525570418e+01
2.613196880069267181e+01
4.409453270753286347e+01
4.409453270753286347e+01
4.409453270753286347e+01
3.050359251969003083e+01
3.620583384610949906e+01
3.377690619481288081e+01
3.295229190590946189e+01
3.461133684423479906e+01
4.226032355188262812e+01
4.120313656326904095e+01
3.339078652697472194e+01
2.599958443228059224e+01
2.667678979005432893e+01
2.820670887654166137e+01
3.465915962583008536e+01
4.134950756948896355e+01
3.648718818266588926e+01
3.234381510872022147e+01
4.688409106042655594e+01
4.773929672054792661e+01
2.966101430235725900e+01
3.450664718956336685e+01
4.004819533284913291e+01
4.004819533284913291e+01
3.829199728660670132e+01
3.553216052331897146e+01
3.382839770252204659e+01
3.382839770252204659e+01
3.382839770252204659e+01
3.153720733969204559e+01
3.153720733969204559e+01
3.841768133621008730e+01
3.344751839293109441e+01
3.430455536368999248e+01
3.410550365224727898e+01
4.526909723129841723e+01
3.777539118138620466e+01
3.777539118138620466e+01
2.604728654891538753e+01
2.899505263761380291e+01
2.899505263761380291e+01
5.809783100444308701e+01
3.646406239048915410e+01
4.468364599910330526e+01
4.468364599910330526e+01
4.359467537860766129e+01
4.421842279891202310e+01
3.544627258573454753e+01
3.544627258573802209e+01
3.214293481660538276e+01
3.608112491308686742e+01
3.399102763425685936e+01
3.146940220070847971e+01
3.053717973468980773e+01
3.242889291192512502e+01
4.001192309515063528e+01
3.900612385237923974e+01
2.695807838949276913e+01
3.192718156555323361e+01
3.683719677764378986e+01
3.683719677764378986e+01
3.683719677764378986e+01
5.243593594794558044e+01
3.758127320140159355e+01
3.470157217282186934e+01
3.470157217282186934e+01
3.604209016913984698e+01
4.129152664381686577e+01
2.530518105586796551e+01
3.590245779394852832e+01
3.351950812850186878e+01
3.794525589608657867e+01
3.761636040385806012e+01
5.688520223775277174e+01
3.612588523465362300e+01
5.493475152009564511e+01
6.622935247303385609e+01
3.417358572207350420e+01
5.021757980310493963e+01
4.943302399163249561e+01
3.355414563304357500e+01
3.401053737692897982e+01
3.579909689072555068e+01
3.579909689072555068e+01
3.579909689072555068e+01
2.656255024915112273e+01
2.291817950141084381e+01
3.979938358429647138e+01
4.983485351681665776e+01
3.021012749070817449e+01
3.240087740759124557e+01
2.670189152417857770e+01
5.728962289004030595e+01
3.915225379780927284e+01
3.651637895048889959e+01
3.410670320792426935e+01
4.306456817602153819e+01
4.272512489538904390e+01
4.226032355188262812e+01
3.370731387336939378e+01
3.370731387336950036e+01
2.591333186022295365e+01
3.645148651503083670e+01
3.841768133621008730e+01
3.670321466630912965e+01
2.313330138119963308e+01
2.194862407527338277e+01
3.317892806579880016e+01
4.279656755484423059e+01
2.843559072366209861e+01
2.008624307006401466e+01
4.335138336380290980e+01
5.368844981395938021e+01
5.390555294837923839e+01
3.176732328722527399e+01
2.925374925704740647e+01
2.884948061959067189e+01
3.493003799706630019e+01
3.806471688683323151e+01
3.762526396777976601e+01
1.915277227504885715e+01
4.535072602767188954e+01
3.461133684423303691e+01
3.210891469592850456e+01
3.437348671990831406e+01
3.646406239048891251e+01
3.432515946348713953e+01
3.763382630518680827e+01
3.205626137819036359e+01
3.173776684318967511e+01
4.585427518235606215e+01
2.528294664318838159e+01
3.530508090053631065e+01
4.549947864364301608e+01
4.883901698125905000e+01
3.698752879557753204e+01
3.792474560643434245e+01
3.480853192852629263e+01
4.800172499008075988e+01
2.968260300816850616e+01
4.796420463664813383e+01
4.085808751330505117e+01
3.243505733473584485e+01
3.145688082500674199e+01
3.392804321180926053e+01
4.312796519688875918e+01
3.391925466780837439e+01
2.863759088883987403e+01
3.190971762666582379e+01
3.386183935416723756e+01
3.676496433043654832e+01
4.555232829584969068e+01
3.279903044512096244e+01
3.372657281187822775e+01
3.413137683983530479e+01
2.927164916789732274e+01
3.134007282561708507e+01
3.575172726944209245e+01
2.806282192071360981e+01
2.806282192071360981e+01
4.579379756800301493e+01
3.175860994545815075e+01
6.696921459226898321e+01
3.422460350359520476e+01
1.834971243589204448e+01
3.031173403123633037e+01
2.352686599828256675e+01
3.011690617663032299e+01
3.475545611257664547e+01
3.519859774734121771e+01
3.924350582803524645e+01
3.257067715765959548e+01
3.257067715765959548e+01
3.257067715765959548e+01
3.309473290138438273e+01
3.826746078096471138e+01
4.259213544367434423e+01
4.259213544367434423e+01
4.590857026106147742e+01
4.046614424165839807e+01
3.175343806661194890e+01
3.627583693149389177e+01
3.627583693149389177e+01
3.627583693149389177e+01
4.903830246322180386e+01
