2.728999999999999773e+02
1.772899999999999920e+02
1.001400000000000006e+02
1.316399999999999864e+02
2.050699999999999932e+02
3.011499999999999773e+02
2.173000000000000114e+02
3.669400000000000546e+02
2.671600000000000250e+02
3.782099999999999795e+02
2.600600000000000023e+02
3.252500000000000000e+02
3.079800000000000182e+02
3.540199999999999818e+02
4.538399999999999181e+02
1.943499999999999943e+02
1.720999999999999943e+02
1.833700000000000045e+02
2.715800000000000409e+02
1.768400000000000034e+02
3.013600000000000136e+02
2.564800000000000182e+02
1.713000000000000114e+02
1.956599999999999966e+02
1.847700000000000102e+02
1.297599999999999909e+02
2.404300000000000068e+02
1.847100000000000080e+02
2.180999999999999943e+02
2.205200000000000102e+02
2.138799999999999955e+02
2.824800000000000182e+02
2.098400000000000034e+02
1.820300000000000011e+02
2.109799999999999898e+02
1.993499999999999943e+02
1.458199999999999932e+02
1.171299999999999955e+02
1.404600000000000080e+02
2.268300000000000125e+02
1.873000000000000114e+02
1.784499999999999886e+02
2.098400000000000034e+02
1.500100000000000193e+02
1.534900000000000091e+02
1.320000000000000000e+02
1.464099999999999966e+02
1.351399999999999864e+02
3.067900000000000205e+02
2.422800000000000011e+02
1.690000000000000000e+02
2.372199999999999989e+02
2.480200000000000102e+02
1.612500000000000000e+02
2.294699999999999989e+02
1.457500000000000000e+02
2.242599999999999909e+02
2.444600000000000080e+02
3.689800000000000182e+02
3.630600000000000023e+02
2.482800000000000011e+02
2.482800000000000011e+02
2.523899999999999864e+02
2.006999999999999886e+02
3.586700000000000159e+02
2.325800000000000125e+02
2.021500000000000057e+02
2.561600000000000250e+02
1.644699999999999989e+02
1.721399999999999864e+02
1.670600000000000023e+02
1.464600000000000080e+02
1.684099999999999966e+02
1.793400000000000034e+02
1.613300000000000125e+02
5.289199999999999591e+02
2.018400000000000034e+02
1.875000000000000000e+02
2.787100000000000364e+02
2.240699999999999932e+02
2.892500000000000000e+02
2.739300000000000068e+02
2.420399999999999920e+02
2.645799999999999841e+02
1.975000000000000000e+02
1.975000000000000000e+02
9.776000000000000512e+01
2.025800000000000125e+02
2.339399999999999977e+02
1.793000000000000114e+02
1.929900000000000091e+02
2.388100000000000023e+02
1.273799999999999955e+02
1.266599999999999966e+02
1.243799999999999955e+02
1.830600000000000023e+02
1.345300000000000011e+02
1.936100000000000136e+02
1.823400000000000034e+02
1.823400000000000034e+02
2.307700000000000102e+02
2.871200000000000045e+02
1.710699999999999932e+02
1.710699999999999932e+02
1.693100000000000023e+02
2.791299999999999955e+02
2.791299999999999955e+02
2.791299999999999955e+02
3.096600000000000250e+02
1.466999999999999886e+02
1.995999999999999943e+02
2.100399999999999920e+02
3.711399999999999864e+02
3.376999999999999886e+02
3.985199999999999818e+02
3.915199999999999818e+02
2.614600000000000364e+02
2.858199999999999932e+02
2.232400000000000091e+02
4.757599999999999909e+02
3.759800000000000182e+02
1.122999999999999972e+02
2.788199999999999932e+02
2.339399999999999977e+02
2.270399999999999920e+02
1.487599999999999909e+02
1.731200000000000045e+02
2.563799999999999955e+02
2.285699999999999932e+02
2.219399999999999977e+02
1.771700000000000159e+02
1.955600000000000023e+02
2.063400000000000318e+02
2.599400000000000546e+02
1.997100000000000080e+02
1.873000000000000114e+02
1.795500000000000114e+02
2.134000000000000057e+02
1.138599999999999994e+02
2.335200000000000102e+02
2.222500000000000000e+02
2.257400000000000091e+02
2.297899999999999920e+02
1.959799999999999898e+02
1.458000000000000114e+02
1.499200000000000159e+02
1.823400000000000034e+02
1.847100000000000080e+02
1.579699999999999989e+02
2.560600000000000023e+02
2.447899999999999920e+02
1.536500000000000057e+02
2.109799999999999898e+02
3.180600000000000023e+02
3.180600000000000023e+02
3.180600000000000023e+02
1.884399999999999977e+02
1.683400000000000034e+02
2.301299999999999955e+02
1.553100000000000023e+02
1.843899999999999864e+02
1.128900000000000006e+02
1.016200000000000045e+02
2.081800000000000068e+02
2.081800000000000068e+02
2.081800000000000068e+02
1.780699999999999932e+02
2.910300000000000296e+02
3.264300000000000068e+02
2.813500000000000227e+02
4.419499999999999886e+02
3.421700000000000159e+02
2.795900000000000318e+02
1.684599999999999795e+02
1.175400000000000063e+02
2.106500000000000057e+02
1.686499999999999773e+02
4.898500000000000227e+02
3.292500000000000000e+02
2.294699999999999989e+02
2.144699999999999989e+02
2.144699999999999989e+02
2.185800000000000125e+02
2.185800000000000125e+02
2.185800000000000125e+02
1.668899999999999864e+02
1.635699999999999932e+02
1.635699999999999932e+02
2.626900000000000546e+02
3.827799999999999727e+02
2.700800000000000409e+02
4.306800000000000068e+02
3.308999999999999773e+02
2.683199999999999932e+02
2.499399999999999977e+02
1.206800000000000068e+02
9.953000000000001535e+01
1.319499999999999886e+02
3.140199999999999818e+02
3.378600000000000136e+02
1.993799999999999955e+02
1.573799999999999955e+02
3.238999999999999773e+02
4.785799999999999841e+02
2.790199999999999818e+02
2.223700000000000045e+02
3.179800000000000182e+02
2.181999999999999886e+02
2.073100000000000023e+02
2.073100000000000023e+02
4.954800000000000182e+02
1.556200000000000045e+02
1.523000000000000114e+02
1.523000000000000114e+02
1.523000000000000114e+02
2.222500000000000000e+02
2.406399999999999864e+02
2.514199999999999875e+02
2.523100000000000023e+02
1.618400000000000034e+02
1.198400000000000034e+02
1.191200000000000045e+02
1.847100000000000080e+02
2.138799999999999955e+02
1.948400000000000034e+02
1.922500000000000000e+02
1.959799999999999898e+02
1.311100000000000136e+02
1.959799999999999898e+02
1.734399999999999977e+02
1.918300000000000125e+02
2.026100000000000136e+02
1.835699999999999932e+02
2.264000000000000057e+02
3.218500000000000227e+02
2.074000000000000057e+02
2.471800000000000068e+02
1.882700000000000102e+02
1.374900000000000091e+02
1.618499999999999943e+02
2.066200000000000045e+02
2.106699999999999875e+02
1.659000000000000057e+02
1.842899999999999920e+02
2.908500000000000227e+02
2.908500000000000227e+02
2.908500000000000227e+02
2.477299999999999898e+02
2.410900000000000318e+02
2.410900000000000318e+02
2.410900000000000318e+02
2.521600000000000534e+02
2.486699999999999875e+02
1.884399999999999977e+02
2.917100000000000364e+02
1.919300000000000068e+02
2.093499999999999943e+02
1.810399999999999920e+02
1.293499999999999943e+02
1.270699999999999932e+02
1.707599999999999909e+02
1.760300000000000011e+02
1.682800000000000011e+02
2.365000000000000000e+02
2.626000000000000227e+02
2.786000000000000227e+02
2.018600000000000136e+02
1.649200000000000159e+02
1.649200000000000159e+02
1.649200000000000159e+02
2.222500000000000000e+02
2.107400000000000091e+02
2.107400000000000091e+02
1.641999999999999886e+02
1.536500000000000057e+02
1.536500000000000057e+02
1.734399999999999977e+02
1.727199999999999989e+02
2.853700000000000045e+02
2.853700000000000045e+02
1.761899999999999977e+02
1.535900000000000318e+02
1.423799999999999955e+02
1.423799999999999955e+02
2.206200000000000045e+02
1.881999999999999886e+02
2.206200000000000045e+02
1.923100000000000023e+02
1.383400000000000034e+02
1.373000000000000114e+02
2.414799999999999898e+02
2.804399999999999977e+02
1.806599999999999966e+02
1.980800000000000125e+02
3.456399999999999864e+02
3.603899999999999864e+02
1.387199999999999989e+02
2.615800000000000409e+02
1.485300000000000011e+02
2.446399999999999864e+02
3.038899999999999864e+02
3.021299999999999955e+02
2.331899999999999977e+02
1.911899999999999977e+02
5.123899999999999864e+02
3.517900000000000205e+02
2.520099999999999909e+02
2.411200000000000045e+02
2.411200000000000045e+02
2.411200000000000045e+02
1.894300000000000068e+02
4.053199999999999932e+02
2.926200000000000045e+02
4.532200000000000273e+02
3.534399999999999977e+02
2.908600000000000136e+02
1.799200000000000159e+02
3.464399999999999977e+02
5.011200000000000045e+02
2.449099999999999966e+02
3.405199999999999818e+02
2.407400000000000091e+02
2.257400000000000091e+02
2.257400000000000091e+02
2.298499999999999943e+02
1.781599999999999966e+02
1.748400000000000034e+02
1.748400000000000034e+02
2.631800000000000068e+02
2.739600000000000364e+02
1.610500000000000114e+02
2.359900000000000091e+02
5.324800000000000182e+02
2.588100000000000023e+02
4.194100000000000250e+02
3.196299999999999955e+02
2.570500000000000114e+02
2.368300000000000409e+02
1.026700000000000159e+02
1.881100000000000136e+02
1.461100000000000136e+02
4.673100000000000023e+02
2.110999999999999943e+02
3.067100000000000364e+02
2.069300000000000068e+02
1.919300000000000068e+02
1.919300000000000068e+02
1.960399999999999920e+02
1.960399999999999920e+02
1.443499999999999943e+02
1.410300000000000011e+02
2.401500000000000341e+02
1.818799999999999955e+02
1.504200000000000159e+02
2.368600000000000136e+02
2.940400000000000205e+02
1.801599999999999966e+02
1.950300000000000011e+02
1.801599999999999966e+02
3.089100000000000250e+02
1.801599999999999966e+02
3.664599999999999795e+02
2.313199999999999932e+02
1.652900000000000205e+02
3.217000000000000455e+02
1.355500000000000114e+02
2.648100000000000023e+02
2.830000000000000000e+02
3.565199999999999818e+02
2.627599999999999909e+02
1.655699999999999932e+02
1.235699999999999932e+02
2.900900000000000318e+02
2.302100000000000080e+02
2.452100000000000080e+02
1.885600000000000023e+02
1.600300000000000011e+02
2.841700000000000159e+02
1.843899999999999864e+02
1.693899999999999864e+02
1.218100000000000023e+02
1.884399999999999977e+02
2.068300000000000125e+02
2.176100000000000136e+02
2.712100000000000364e+02
2.109799999999999898e+02
1.985699999999999932e+02
1.997100000000000080e+02
1.705399999999999920e+02
2.918200000000000500e+02
2.315500000000000114e+02
2.565299999999999727e+02
2.550099999999999909e+02
3.218500000000000227e+02
3.947200000000000273e+02
2.045800000000000409e+02
4.560400000000000205e+02
3.843999999999999773e+02
3.843999999999999773e+02
3.843999999999999773e+02
2.231299999999999955e+02
3.602400000000000091e+02
2.475399999999999920e+02
4.081399999999999864e+02
3.083600000000000136e+02
2.974700000000000273e+02
2.457800000000000011e+02
3.682500000000000000e+02
2.237199999999999989e+02
2.237199999999999989e+02
1.170799999999999983e+02
8.465999999999999659e+01
8.165999999999999659e+01
1.058100000000000023e+02
1.765500000000000114e+02
2.600600000000000023e+02
1.843000000000000114e+02
2.334300000000000068e+02
2.664399999999999977e+02
2.073000000000000114e+02
2.073000000000000114e+02
1.960300000000000011e+02
1.636100000000000136e+02
1.960300000000000011e+02
1.636100000000000136e+02
2.411800000000000068e+02
2.349499999999999886e+02
3.381200000000000045e+02
1.950699999999999932e+02
4.278600000000000136e+02
2.654300000000000068e+02
1.938000000000000114e+02
1.757900000000000205e+02
2.086699999999999875e+02
3.489700000000000273e+02
2.362700000000000102e+02
2.970900000000000318e+02
2.861999999999999886e+02
2.861999999999999886e+02
2.345099999999999909e+02
3.303100000000000591e+02
1.898499999999999943e+02
2.764599999999999795e+02
3.234800000000000182e+02
2.106100000000000136e+02
1.164899999999999949e+02
1.773100000000000023e+02
1.632800000000000011e+02
8.780000000000001137e+01
1.249000000000000199e+02
1.397700000000000102e+02
1.260000000000000000e+02
1.560400000000000205e+02
2.426500000000000057e+02
2.426500000000000057e+02
2.426500000000000057e+02
1.560699999999999932e+02
1.900900000000000034e+02
1.786100000000000136e+02
1.673400000000000034e+02
1.673400000000000034e+02
1.673400000000000034e+02
1.349200000000000159e+02
2.137299999999999898e+02
3.743299999999999841e+02
2.745499999999999545e+02
2.636600000000000250e+02
2.636600000000000250e+02
3.077699999999999818e+02
1.754099999999999966e+02
2.188600000000000136e+02
2.188600000000000136e+02
2.188600000000000136e+02
3.305800000000000409e+02
3.305800000000000409e+02
3.305800000000000409e+02
3.305800000000000409e+02
3.305800000000000409e+02
3.305800000000000409e+02
