2.901499999999999773e+02
2.291500000000000057e+02
1.916500000000000057e+02
1.367499999999999716e+02
1.849499999999999886e+02
2.606499999999999773e+02
2.358499999999999943e+02
3.498500000000000227e+02
2.541500000000000057e+02
3.215499999999999545e+02
2.603299999999999841e+02
3.044800000000000182e+02
2.411500000000000057e+02
2.341500000000000057e+02
2.181500000000000057e+02
1.136499999999999773e+02
1.547499999999999716e+02
1.630499999999999829e+02
2.741499999999999773e+02
1.762899999999999636e+02
2.950499999999999545e+02
2.935799999999999841e+02
1.574899999999999807e+02
1.845500000000000114e+02
1.864799999999999898e+02
1.342599999999999909e+02
1.983499999999999943e+02
1.742499999999999716e+02
2.241500000000000057e+02
2.062299999999999898e+02
1.976500000000000057e+02
2.507500000000000000e+02
1.984699999999999989e+02
1.791499999999999773e+02
1.836500000000000057e+02
2.297899999999999920e+02
1.427199999999999704e+02
1.157300000000000040e+02
1.193099999999999596e+02
2.463499999999999943e+02
1.791499999999999773e+02
2.005500000000000114e+02
2.153499999999999943e+02
1.737499999999999716e+02
1.502499999999999716e+02
7.399999999999997158e+01
1.676499999999999773e+02
9.199999999999995737e+01
2.853500000000000227e+02
2.453199999999999932e+02
2.798500000000000227e+02
2.452199999999999989e+02
2.554499999999999886e+02
1.797499999999999716e+02
2.214499999999999886e+02
1.455499999999999829e+02
2.302500000000000000e+02
2.692500000000000000e+02
3.328500000000000227e+02
3.045400000000000205e+02
2.656499999999999773e+02
2.818500000000000227e+02
2.751499999999999773e+02
2.069399999999999977e+02
3.553099999999999454e+02
2.113499999999999943e+02
1.771499999999999773e+02
2.483499999999999943e+02
1.160999999999999659e+02
2.375399999999999920e+02
2.233000000000000114e+02
1.427999999999999829e+02
1.726199999999999761e+02
2.165500000000000114e+02
1.951500000000000057e+02
2.756499999999999773e+02
1.991500000000000057e+02
2.231500000000000057e+02
2.628500000000000227e+02
2.091500000000000057e+02
2.411500000000000057e+02
2.198499999999999943e+02
2.325500000000000114e+02
2.515500000000000114e+02
2.260500000000000114e+02
2.496500000000000057e+02
1.109999999999999574e+02
1.996500000000000057e+02
2.561499999999999773e+02
2.041500000000000057e+02
2.261500000000000057e+02
2.752500000000000000e+02
1.450499999999999829e+02
1.158799999999999670e+02
1.988499999999999943e+02
1.857500000000000000e+02
1.316599999999999682e+02
1.600999999999999659e+02
1.519599999999999795e+02
1.469499999999999886e+02
2.111500000000000057e+02
2.791499999999999773e+02
1.494399999999999977e+02
1.387499999999999716e+02
1.365499999999999829e+02
2.093499999999999943e+02
2.670299999999999727e+02
2.668100000000000023e+02
2.997500000000000000e+02
1.748899999999999864e+02
2.848999999999999773e+02
2.101500000000000057e+02
2.421500000000000057e+02
3.169499999999999886e+02
3.441499999999999773e+02
3.411499999999999773e+02
2.664499999999999886e+02
2.973500000000000227e+02
2.379600000000000080e+02
3.482099999999999795e+02
3.370499999999999545e+02
9.036999999999997613e+01
2.842900000000000205e+02
2.601499999999999773e+02
2.920499999999999545e+02
1.252600000000000051e+02
1.590099999999999909e+02
2.835499999999999545e+02
2.435500000000000114e+02
2.114499999999999886e+02
1.893499999999999943e+02
1.921500000000000057e+02
1.781999999999999886e+02
2.386500000000000057e+02
1.761499999999999773e+02
1.618699999999999761e+02
1.347299999999999898e+02
1.836500000000000057e+02
1.039899999999999807e+02
2.069499999999999886e+02
2.055500000000000114e+02
2.031500000000000057e+02
1.931500000000000057e+02
1.738499999999999659e+02
1.601499999999999773e+02
1.581499999999999773e+02
1.823499999999999943e+02
1.753499999999999659e+02
1.672599999999999909e+02
2.287500000000000000e+02
2.284499999999999886e+02
1.545999999999999659e+02
1.819499999999999886e+02
2.911499999999999773e+02
2.731499999999999773e+02
3.181499999999999773e+02
1.995500000000000114e+02
1.456499999999999773e+02
2.104499999999999886e+02
1.573499999999999659e+02
2.309699999999999989e+02
1.299999999999999716e+02
1.298199999999999648e+02
2.106500000000000057e+02
1.839499999999999886e+02
2.165500000000000114e+02
1.875699999999999932e+02
2.913500000000000227e+02
3.135499999999999545e+02
2.951200000000000045e+02
3.342300000000000182e+02
3.261499999999999773e+02
2.838500000000000227e+02
1.506499999999999773e+02
1.463499999999999659e+02
2.292100000000000080e+02
1.826009999999999991e+02
3.775500000000000114e+02
2.659800000000000182e+02
2.399499999999999886e+02
2.031500000000000057e+02
2.319499999999999886e+02
2.384499999999999886e+02
2.359499999999999886e+02
2.410500000000000114e+02
1.543199999999999932e+02
1.636799999999999784e+02
1.365099999999999909e+02
2.251500000000000057e+02
3.292400000000000091e+02
2.913299999999999841e+02
3.356399999999999864e+02
3.224499999999999886e+02
2.773500000000000227e+02
2.782500000000000000e+02
1.730999999999999659e+02
1.267000000000000028e+02
1.795999999999999659e+02
4.387500000000000000e+02
2.351500000000000057e+02
2.149499999999999886e+02
1.778799999999999955e+02
3.119499999999999886e+02
4.246499999999999773e+02
3.146499999999999773e+02
1.928499999999999943e+02
2.690499999999999545e+02
2.267500000000000000e+02
2.176999999999999886e+02
2.177500000000000000e+02
3.489599999999999795e+02
1.333899999999999864e+02
1.320299999999999727e+02
1.400499999999999829e+02
1.594499999999999886e+02
2.121500000000000057e+02
2.521500000000000057e+02
2.097500000000000000e+02
2.218100000000000023e+02
2.010500000000000114e+02
1.137300000000000040e+02
1.324499999999999886e+02
1.760499999999999829e+02
2.215500000000000114e+02
1.781499999999999773e+02
1.925500000000000114e+02
2.017500000000000000e+02
1.133499999999999659e+02
1.946500000000000057e+02
1.997500000000000000e+02
1.780309999999999775e+02
1.771399999999999864e+02
1.832500000000000000e+02
2.050500000000000114e+02
2.996100000000000136e+02
1.991500000000000057e+02
3.152500000000000000e+02
2.203499999999999943e+02
1.501699999999999591e+02
1.756499999999999773e+02
1.880500000000000114e+02
2.031500000000000057e+02
1.749499999999999886e+02
1.797299999999999613e+02
2.587399999999999523e+02
2.423499999999999943e+02
3.164499999999999886e+02
2.161500000000000057e+02
2.390500000000000114e+02
2.176500000000000057e+02
2.415500000000000114e+02
2.881499999999999773e+02
2.607999999999999545e+02
1.873499999999999943e+02
2.435500000000000114e+02
1.559499999999999886e+02
2.644499999999999886e+02
1.800199999999999818e+02
1.047399999999999807e+02
1.394299999999999784e+02
1.645499999999999829e+02
1.465499999999999829e+02
1.307309999999999661e+02
1.981500000000000057e+02
2.121500000000000057e+02
2.782500000000000000e+02
1.819499999999999886e+02
1.641499999999999773e+02
1.526699999999999591e+02
1.521499999999999773e+02
2.174499999999999886e+02
1.501499999999999773e+02
1.819499999999999886e+02
1.830500000000000114e+02
1.549199999999999591e+02
1.537499999999999716e+02
1.885500000000000114e+02
2.255999999999999943e+02
2.427199999999999989e+02
3.077500000000000000e+02
1.928499999999999943e+02
2.500000000000000000e+02
1.195499999999999829e+02
1.102600000000000051e+02
1.701499999999999773e+02
1.831500000000000057e+02
2.495500000000000114e+02
1.881500000000000057e+02
1.381499999999999773e+02
1.383499999999999659e+02
1.821500000000000057e+02
2.271500000000000057e+02
1.711899999999999977e+02
2.989599999999999795e+02
2.704800000000000182e+02
2.646499999999999773e+02
1.239999999999999574e+02
3.533700000000000045e+02
2.567799999999999727e+02
2.444499999999999886e+02
3.046499999999999773e+02
2.965499999999999545e+02
2.538499999999999943e+02
2.196800000000000068e+02
3.796499999999999773e+02
2.855299999999999727e+02
2.681499999999999773e+02
2.657500000000000000e+02
2.651499999999999773e+02
2.693100000000000023e+02
1.919099999999999966e+02
3.344499999999999886e+02
3.013199999999999932e+02
3.424499999999999886e+02
3.311499999999999773e+02
2.911499999999999773e+02
2.164199999999999875e+02
3.248500000000000227e+02
4.154499999999999886e+02
2.196500000000000057e+02
2.896600000000000250e+02
2.584499999999999886e+02
2.415500000000000114e+02
2.281500000000000057e+02
2.528400000000000034e+02
1.714899999999999807e+02
1.851500000000000057e+02
1.793499999999999659e+02
2.731499999999999773e+02
2.371500000000000057e+02
1.606899999999999977e+02
2.851499999999999773e+02
5.441499999999999773e+02
2.831000000000000227e+02
3.256700000000000159e+02
3.169499999999999886e+02
2.693500000000000227e+02
2.258499999999999943e+02
1.725199999999999818e+02
1.916500000000000057e+02
1.434799999999999898e+02
3.710500000000000114e+02
1.769499999999999886e+02
2.395200000000000102e+02
1.955699999999999932e+02
2.001500000000000057e+02
2.032500000000000000e+02
1.963199999999999932e+02
2.341699999999999875e+02
1.080199999999999818e+02
1.217999999999999829e+02
1.949499999999999886e+02
1.476999999999999886e+02
1.441499999999999773e+02
2.333499999999999943e+02
3.360499999999999545e+02
2.580499999999999545e+02
2.218499999999999943e+02
1.870500000000000114e+02
2.341500000000000057e+02
1.577499999999999716e+02
3.521499999999999773e+02
1.561499999999999773e+02
2.631499999999999773e+02
2.847500000000000000e+02
1.254500000000000028e+02
2.076699999999999875e+02
3.140400000000000205e+02
3.841499999999999773e+02
2.621000000000000227e+02
1.931500000000000057e+02
8.551999999999998181e+01
2.622500000000000000e+02
2.131500000000000057e+02
2.455500000000000114e+02
1.801500000000000057e+02
1.600299999999999727e+02
2.526500000000000057e+02
1.487599999999999909e+02
1.852400000000000091e+02
8.794999999999998863e+01
1.801500000000000057e+02
1.883700000000000045e+02
1.736299999999999955e+02
2.215500000000000114e+02
1.779499999999999886e+02
1.782899999999999636e+02
1.972500000000000000e+02
1.701499999999999773e+02
3.254499999999999886e+02
2.315200000000000102e+02
2.497599999999999909e+02
2.153600000000000136e+02
2.583700000000000045e+02
3.829499999999999886e+02
2.425000000000000000e+02
4.581499999999999773e+02
3.293399999999999750e+02
3.600499999999999545e+02
4.869499999999999886e+02
2.503199999999999932e+02
3.234499999999999886e+02
2.790199999999999818e+02
3.273099999999999454e+02
3.108500000000000227e+02
3.066499999999999773e+02
2.602699999999999818e+02
2.637500000000000000e+02
2.269499999999999886e+02
2.770299999999999727e+02
1.698499999999999659e+02
1.841500000000000057e+02
1.420099999999999909e+02
8.953999999999996362e+01
1.647699999999999818e+02
2.373899999999999864e+02
2.240500000000000114e+02
1.770199999999999818e+02
3.523500000000000227e+02
2.191500000000000057e+02
2.605499999999999545e+02
2.633999999999999773e+02
1.518499999999999659e+02
2.066200000000000045e+02
1.710499999999999829e+02
2.922399999999999523e+02
2.350300000000000011e+02
3.227500000000000000e+02
1.781499999999999773e+02
3.390499999999999545e+02
2.818399999999999750e+02
1.626799999999999784e+02
2.096800000000000068e+02
2.369300000000000068e+02
3.205499999999999545e+02
2.677999999999999545e+02
3.041499999999999773e+02
3.011499999999999773e+02
3.061499999999999773e+02
2.500800000000000125e+02
2.728500000000000227e+02
1.584499999999999886e+02
2.067500000000000000e+02
2.637500000000000000e+02
2.676499999999999773e+02
1.613399999999999466e+02
2.291500000000000057e+02
1.439999999999999716e+02
1.180199999999999818e+02
1.159999999999999574e+02
1.319999999999999716e+02
1.227999999999999829e+02
1.560499999999999829e+02
2.478300000000000125e+02
2.293499999999999943e+02
2.284600000000000080e+02
2.485900000000000034e+02
1.657499999999999716e+02
1.672499999999999716e+02
1.607499999999999716e+02
1.657899999999999636e+02
1.719499999999999886e+02
1.638499999999999659e+02
2.476100000000000136e+02
3.016200000000000045e+02
2.897500000000000000e+02
2.891499999999999773e+02
2.871499999999999773e+02
2.569499999999999886e+02
1.729499999999999886e+02
2.479900000000000091e+02
2.253000000000000114e+02
2.864499999999999886e+02
3.458500000000000227e+02
2.981499999999999773e+02
3.480499999999999545e+02
3.185499999999999545e+02
3.382500000000000000e+02
3.365499999999999545e+02
