6.704686301806799520e+01
6.669966708704687619e+01
6.818000621678045547e+01
6.678982602216595410e+01
6.643499568337136907e+01
6.637163065744226742e+01
6.603361024640358323e+01
6.684956721261403345e+01
6.612737138413035609e+01
6.694251506633048621e+01
6.615321690850375091e+01
6.640598844690447322e+01
6.637894962490142348e+01
6.714780543478315167e+01
7.026985849506998250e+01
6.630507140074092831e+01
6.605349311377752031e+01
6.606002183465020039e+01
6.658066436513148290e+01
6.612754697029059514e+01
6.662487830467497929e+01
6.622830050728153140e+01
6.605000828025208648e+01
6.614667169601611363e+01
6.613976258902926020e+01
6.644592168558232004e+01
6.606098427606146117e+01
6.604008930240455300e+01
6.623449307440323253e+01
6.624524091339013410e+01
6.605228590302240832e+01
6.627524632385578229e+01
6.607526234231197293e+01
6.603044274207825026e+01
6.604317626236874617e+01
6.607323946416539684e+01
6.615271475739008622e+01
6.647194147164913147e+01
6.627263681388816963e+01
6.604763906808325657e+01
6.604524782801263427e+01
6.603691996133910891e+01
6.611456376761005060e+01
6.657739717878511954e+01
6.611187041957727217e+01
6.660812325534249112e+01
6.623214076393460914e+01
6.626723282345095356e+01
6.638995459709713032e+01
6.691453207507335321e+01
6.606511049527219370e+01
6.610012201359108985e+01
6.612888864533452704e+01
6.613934361399823558e+01
6.616505515278913663e+01
6.662713341172694470e+01
6.606250078243157020e+01
6.613112675813968622e+01
6.683448670680391501e+01
6.677185623062786135e+01
6.614182684997972217e+01
6.614182684997972217e+01
6.613919099930932077e+01
6.608941553985899020e+01
6.671888398703693213e+01
6.605160522336620943e+01
6.604946978519409129e+01
6.611976074391327529e+01
6.612004977123113747e+01
6.604329884791586380e+01
6.605302770558303393e+01
6.615572765866326677e+01
6.607402951511015488e+01
6.648853223794648670e+01
6.641442789666591295e+01
7.566531217631796835e+01
6.602607484004610683e+01
6.613634696844358984e+01
6.622040379748629846e+01
6.605261156816990820e+01
6.640195768797792653e+01
6.616673394434224065e+01
6.609568585298990229e+01
6.622448895086230891e+01
6.602406152130387795e+01
6.602406152130387795e+01
6.707958680506040139e+01
6.604629817812245562e+01
6.615872942161334436e+01
6.604475948346679104e+01
6.602412251258867570e+01
6.605685509264753819e+01
6.630346528458292710e+01
6.631162179182234695e+01
6.634413844121290538e+01
6.603617567305083469e+01
6.659265529797933425e+01
6.605547650716974317e+01
6.604066568445867347e+01
6.604066568445867347e+01
6.605351033591192333e+01
6.638847030788720360e+01
6.604569432081190428e+01
6.604569432081190428e+01
6.604849490672445711e+01
6.621680247537506148e+01
6.621680247537501884e+01
6.621680247537506148e+01
6.658213835453047125e+01
6.624403882391810328e+01
6.606435400295673332e+01
6.603665717091826082e+01
6.703687036505327512e+01
6.757753143262826256e+01
6.809338473480340781e+01
6.715756902216473634e+01
6.640046461129244904e+01
6.631421597058141515e+01
6.621542589490323394e+01
7.006462168582010008e+01
6.747574899414117056e+01
6.754692359754423592e+01
6.714534579332772068e+01
6.652705712478601185e+01
6.608762836085044512e+01
6.623628317705083646e+01
6.653146571256917241e+01
6.677858512080008779e+01
6.604138353210205992e+01
6.604762125182024590e+01
6.605000462724922272e+01
6.668791560091376880e+01
6.602592311306882777e+01
6.613496159596358837e+01
6.602485436711188527e+01
6.603036988397511209e+01
6.603389346338828148e+01
6.604258718789004945e+01
6.760622821696934182e+01
6.613796924828979229e+01
6.608146845045703799e+01
6.604633130077448300e+01
6.623002852540450647e+01
6.605771803769023620e+01
6.627111329503279080e+01
6.617796990309015825e+01
6.604066568445867347e+01
6.604008930240455300e+01
6.610923415185727947e+01
6.628849447255838356e+01
6.620857238436623504e+01
6.610440969034085867e+01
6.604317626236874617e+01
6.638662264976255756e+01
6.638662264976255756e+01
6.638662264976255756e+01
6.602634291209221828e+01
6.605691281824347527e+01
6.604299211712822171e+01
6.613600870380241759e+01
6.603313074327873267e+01
6.689169545878849021e+01
6.771061685502590421e+01
6.602417288013684527e+01
6.602417288013684527e+01
6.602417288013684527e+01
6.616488719278441977e+01
6.644344108137423177e+01
6.734825014927281472e+01
6.671130603149157423e+01
6.830343470960065133e+01
6.685748502455527387e+01
6.669556583673409023e+01
6.722169425470839599e+01
6.776933591609798668e+01
6.602457906559335754e+01
6.605088896907544438e+01
6.981477836421402117e+01
6.644746117289561482e+01
6.604289570555259559e+01
6.602685740519071089e+01
6.602685740519071089e+01
6.603032291640091955e+01
6.603032291640091955e+01
6.603032291640091955e+01
6.605386197791933967e+01
6.606264299732458767e+01
6.606264299732458767e+01
6.623212557318518634e+01
6.881877645144042788e+01
6.660245139691878080e+01
6.794344829665205054e+01
6.671717958316135366e+01
6.658823953728692402e+01
6.629450072359573198e+01
6.688656656244081944e+01
6.801481875566287272e+01
6.686827427415600766e+01
6.636442909355660902e+01
7.289035126467342707e+01
6.602958260528565404e+01
6.608292736165408598e+01
6.647566513647721820e+01
6.964555468418355133e+01
6.617602135404133890e+01
6.606782502424781001e+01
6.642096325101221055e+01
6.604533185366405235e+01
6.603585851582043631e+01
6.603585851582043631e+01
7.822348649227920703e+01
6.609134196196686162e+01
6.610314720607031802e+01
6.610314720607031802e+01
6.610314720607031802e+01
6.608146845045703799e+01
6.609699544613540922e+01
6.616028262497572143e+01
6.608821395295301215e+01
6.612528361476773853e+01
6.656040122600437314e+01
6.660279555508169835e+01
6.604008930240455300e+01
6.605228590302240832e+01
6.610297679068911236e+01
6.613341664247400331e+01
6.605771803769023620e+01
6.628114375595531271e+01
6.605771803769023620e+01
6.604219526938435081e+01
6.632694221792073108e+01
6.602821173256636200e+01
6.607054013924356184e+01
6.605388136990420378e+01
6.639068916976171408e+01
6.606294349882251993e+01
6.613332803329031151e+01
6.602984223305858791e+01
6.652037596523938134e+01
6.697756295615525346e+01
6.615974879309560208e+01
6.602583181160071035e+01
6.611013238919635171e+01
6.715292538801178068e+01
6.628232149731948653e+01
6.628232149731948653e+01
6.628232149731948653e+01
6.609676371307521947e+01
6.606101218309562739e+01
6.606101218309562739e+01
6.606101218309562739e+01
6.608512545820931905e+01
6.608521010387133288e+01
6.602634291209221828e+01
6.632835015799882683e+01
6.605508501234785967e+01
6.608099585193667735e+01
6.605556138029230340e+01
6.631114622642726886e+01
6.633903225888212773e+01
6.605406123558672959e+01
6.603757343123776025e+01
6.606580302713865649e+01
6.609809709482010476e+01
6.611580896120489115e+01
6.646522996246586956e+01
6.610031321092908740e+01
6.609131704440483190e+01
6.609131704440483190e+01
6.609131704440483190e+01
6.608146845045703799e+01
6.604336124344800396e+01
6.604336124344800396e+01
6.608778600787361768e+01
6.610440969034085867e+01
6.610440969034085867e+01
6.604219526938433660e+01
6.604256250892012758e+01
6.619557702289706924e+01
6.619557702289706924e+01
6.610286701283413890e+01
6.646440263930016101e+01
6.615481359665017180e+01
6.615481359665017180e+01
6.604918950456631421e+01
6.602641124830691410e+01
6.604918950456631421e+01
6.602740007010328327e+01
6.618578629473262254e+01
6.619456033020261998e+01
6.616175694169180588e+01
6.641050293670403448e+01
6.611702120454090448e+01
6.615311108730692524e+01
6.657047909107791384e+01
6.671811536610066184e+01
6.621037898833333202e+01
6.610897179553755620e+01
6.615723116082367028e+01
6.665058408587958638e+01
6.697884102945245388e+01
6.695722189221557130e+01
6.607722441511130285e+01
6.605997321944400369e+01
7.083169166191446209e+01
6.663439341366856183e+01
6.610580028609405190e+01
6.608468895297112056e+01
6.608468895297112056e+01
6.608468895297112056e+01
6.605689770273721706e+01
6.970460937837196980e+01
6.683463757130758154e+01
6.876674398934797239e+01
6.702671810799775187e+01
6.681640398802372260e+01
6.604536299844778569e+01
6.657726290383642720e+01
7.020707078139116675e+01
6.606875604275469982e+01
6.652229979091900702e+01
6.606419716332844416e+01
6.604633130077448300e+01
6.604633130077448300e+01
6.604735863057541678e+01
6.604519411586370836e+01
6.605287541653667915e+01
6.605287541653667915e+01
6.611364577544803467e+01
6.631186785192022626e+01
6.655487523570799624e+01
6.605948434593847196e+01
7.348797721877099320e+01
6.650194863348492902e+01
6.766422155365124524e+01
6.659855048238480890e+01
6.648848414220718439e+01
6.618980621513698281e+01
6.715186137167309255e+01
6.605936195630732755e+01
6.616794106611074255e+01
6.968781626794564943e+01
6.611522482095186604e+01
6.645321568342332341e+01
6.607628866487350194e+01
6.605508501234785967e+01
6.605508501234785967e+01
6.606811916202785540e+01
6.606811916202786961e+01
6.618827605753639887e+01
6.620760381426188701e+01
6.610000734706997605e+01
6.639798824281184864e+01
6.888710248883914744e+01
6.647130594903450174e+01
6.763559965241596217e+01
7.062201771920048543e+01
7.363012733533358301e+01
7.062201771920048543e+01
6.894035763803721295e+01
7.062201771920048543e+01
6.712634284490208358e+01
6.618364430172793789e+01
6.972855753794416955e+01
6.688068045620447322e+01
6.769900273559935044e+01
6.674925952894521686e+01
6.634971483594627273e+01
6.785184457492195520e+01
6.632057512864913917e+01
6.626940609261053794e+01
6.677995953070968937e+01
6.682791769718124897e+01
6.625299485472092442e+01
6.633661147873232267e+01
6.638837859307419365e+01
6.610539336743910610e+01
6.674607402057709749e+01
6.628179048104559001e+01
6.624494781760454032e+01
6.686736517323075191e+01
6.602634291209221828e+01
6.640330312628732656e+01
6.603023390629419964e+01
6.619958748274197546e+01
6.604317626236874617e+01
6.604272767925604626e+01
6.602485436711188527e+01
6.670085401015890625e+01
6.668834332119693897e+01
6.622323550285011606e+01
6.660960730500389104e+01
6.650094824535520388e+01
6.639068916976171408e+01
6.798279754932802632e+01
6.602702449784123928e+01
6.992878126689421947e+01
6.712587985197494334e+01
6.712587985197494334e+01
6.712587985197494334e+01
6.612305590624013973e+01
6.812785438450809750e+01
6.640569626408192505e+01
6.744172110493084915e+01
6.649482528260023173e+01
6.645771797502121103e+01
6.639262256503403137e+01
6.687617425724316433e+01
6.610461176495954305e+01
6.610461176495954305e+01
6.654261375288758984e+01
6.770769709033410777e+01
6.785172610666643322e+01
6.674864755856356169e+01
6.612722376951322190e+01
6.610669246283693212e+01
6.605680173097540830e+01
6.614677672172950906e+01
6.612549663449769355e+01
6.608709872262586771e+01
6.608709872262586771e+01
6.605156491160786913e+01
6.616442940603639045e+01
6.605156491160786913e+01
6.616442940603639045e+01
6.609467397201593997e+01
6.618611310731569120e+01
6.650406378330087875e+01
6.604466450577541536e+01
7.085719609906456640e+01
6.699138791534417692e+01
6.609111963479260510e+01
6.606916440552343772e+01
6.648724031095682108e+01
6.783707635301053074e+01
6.631295283862620238e+01
6.640093233599451139e+01
6.636746214070093686e+01
6.636746214070093686e+01
6.630046520630595808e+01
6.685137346211350007e+01
6.602656644430275890e+01
6.620761365804209220e+01
6.639681330751588462e+01
6.604796677963933860e+01
6.648107543503169836e+01
6.603567493442540126e+01
6.721784661866892918e+01
6.745280088794919493e+01
6.674961226153855876e+01
6.750874484474016413e+01
6.634896778324791455e+01
6.625594954227223354e+01
6.606449932678464165e+01
6.606449932678464165e+01
6.606449932678464165e+01
6.609283608173180369e+01
6.605559714970017637e+01
6.609398779102957633e+01
6.608163637279645286e+01
6.608163637279645286e+01
6.608163637279645286e+01
6.632997331688949316e+01
6.615227081881762672e+01
6.692399920422320747e+01
6.623454306790233659e+01
6.620682959422519787e+01
6.620682959422519787e+01
6.659309652598447826e+01
6.605586144723322661e+01
6.603838183897171632e+01
6.603838183897171632e+01
6.603838183897174474e+01
6.649795363110283120e+01
6.649795363110283120e+01
6.649795363110283120e+01
6.649795363110276014e+01
6.649795363110276014e+01
6.649795363110288804e+01
