2.665592538130282492e+02
1.801227785825100796e+02
1.141914738481157912e+02
1.400474203586288695e+02
2.056289563257848840e+02
2.865848981784274656e+02
2.170326633234418239e+02
3.288992014244805091e+02
2.599093489270912301e+02
3.346665777539110991e+02
2.541048958730962966e+02
3.022512112944041860e+02
2.919504190180782643e+02
3.242108177785264616e+02
3.219759158154139413e+02
2.011352930060160702e+02
1.767368418007009438e+02
1.874378792685096755e+02
2.725825377127681008e+02
1.798950245416169196e+02
2.878486546643902102e+02
2.513034048332111752e+02
1.753312264014296318e+02
1.969709292122178965e+02
1.870507693373122606e+02
1.388660058715465198e+02
2.375937755577434984e+02
1.882367234734711019e+02
2.174754416648607958e+02
2.196810520546660541e+02
2.152377156037876205e+02
2.746086215762262555e+02
2.121325263338122795e+02
1.852408306641358990e+02
2.124091658696139007e+02
2.004360934495054209e+02
1.537430521131907426e+02
1.298192236783539784e+02
1.479502810282840528e+02
2.263526383304117928e+02
1.907815031219116690e+02
1.822332815006273563e+02
2.128783180786821276e+02
1.612910112980518988e+02
1.594615886070115494e+02
1.446738967604897539e+02
1.552098232781679599e+02
1.450972664496611060e+02
2.905955196898078725e+02
2.398933079322295043e+02
1.731386369915212242e+02
2.345309583921527974e+02
2.439214199596167134e+02
1.660119288030861640e+02
2.276890648698619941e+02
1.520718512863613228e+02
2.246093808761156652e+02
2.432288508491262746e+02
3.280206975210328437e+02
3.246094390840996766e+02
2.465480125884496942e+02
2.465480125884496942e+02
2.496997519683764324e+02
2.040575265411620478e+02
3.221317216494520039e+02
2.312664455772221288e+02
2.045825304368458433e+02
2.520286002219985448e+02
1.707422088968159244e+02
1.763565065135788075e+02
1.718198495160499419e+02
1.543937278638310033e+02
1.737068730000335677e+02
1.886764880941088904e+02
1.707739760174849266e+02
3.519819043297142116e+02
2.036100777432355642e+02
1.895365054383808001e+02
2.692500383381305937e+02
2.241678033798091292e+02
2.820527381510750047e+02
2.660270918185967730e+02
2.403700047228548158e+02
2.610251100799446817e+02
1.995414721467157335e+02
1.995414721467157335e+02
1.138898318052401635e+02
2.048992001256229685e+02
2.350693710442496354e+02
1.824383280147152391e+02
1.951122180398646435e+02
2.362931032641180877e+02
1.379563823100514242e+02
1.372927465996922365e+02
1.354626489977568440e+02
1.865749906394130448e+02
1.425916334909044849e+02
1.968622198952578231e+02
1.860345331130092745e+02
1.860345331130092745e+02
2.298576256731769831e+02
2.804034411383116776e+02
1.754603687380682118e+02
1.754603687380682118e+02
1.738381860383428830e+02
2.695565558451294237e+02
2.695565558451302763e+02
2.695565558451294237e+02
2.972270075739173762e+02
1.532401722302554390e+02
2.006901462996850114e+02
2.103577202207598589e+02
3.285339906491157649e+02
3.068674869117136836e+02
3.252785738044129289e+02
3.400100504727201951e+02
2.622308589164126715e+02
2.777633535495637034e+02
2.266935826954819504e+02
3.675386026521298390e+02
3.245160956672055477e+02
1.239584607313973237e+02
2.715843773822863341e+02
2.320611359254529020e+02
2.276275699753948345e+02
1.550059680700273930e+02
1.763408746720111822e+02
2.521763164237313504e+02
2.274599872055567289e+02
2.221809442492389906e+02
1.804873449475607572e+02
1.969181699701183561e+02
2.071651287096916008e+02
2.552678071108436200e+02
2.016114571166172595e+02
1.903472382284071500e+02
1.828951328955218685e+02
2.145485453895560113e+02
1.251616576044039846e+02
2.342870826612621045e+02
2.233228147702390345e+02
2.253854546482500893e+02
2.327627482963225134e+02
1.990988218246146175e+02
1.524273792337441478e+02
1.578999970613524226e+02
1.860345331130092745e+02
1.882367234734711019e+02
1.632761968300347064e+02
2.559250672992333193e+02
2.452008286838200490e+02
1.603540024942744822e+02
2.124091658696139007e+02
2.978837185222495236e+02
2.978837185222495236e+02
2.978837185222495236e+02
1.909656657850758279e+02
1.726619065185564921e+02
2.287435726695902929e+02
1.608727642835620486e+02
1.871515353621230133e+02
1.249756229929453610e+02
1.156231475301060669e+02
2.089432152589581904e+02
2.089432152589581904e+02
2.089432152589581904e+02
1.809541928115301630e+02
2.795613642876055565e+02
3.045633654413040290e+02
2.808525646096848050e+02
3.606631390909625452e+02
3.149311826405531747e+02
2.795128254397494629e+02
1.837433454360777887e+02
1.364369712938956241e+02
2.113001128169319998e+02
1.733349936383125396e+02
4.105146931130676649e+02
3.050874790793199622e+02
2.280298877509405884e+02
2.147828715460038609e+02
2.147828715460038609e+02
2.183589144581737855e+02
2.183589144581737855e+02
2.183589144581737855e+02
1.717168612216318593e+02
1.688201569165895819e+02
1.688201569165895819e+02
2.598135220154668446e+02
3.048035381415913321e+02
2.717186212002457637e+02
3.570221696066506638e+02
3.093531711309066168e+02
2.702265373050304902e+02
2.510982358641985002e+02
1.357623529128600524e+02
1.206600463484934096e+02
1.460617808177966026e+02
2.948662709056616222e+02
2.692590954427150791e+02
2.007354842035297224e+02
1.630380080154239977e+02
3.022851694385562382e+02
4.040162073800065059e+02
2.692861667492364859e+02
2.213541223627592558e+02
2.981573213199990278e+02
2.176986464338541509e+02
2.078779697117041962e+02
2.078779697117041962e+02
3.289953137313870570e+02
1.614572673466657022e+02
1.586047729927376793e+02
1.586047729927376793e+02
1.586047729927376793e+02
2.233228147702390345e+02
2.375286676408977939e+02
2.494741545717056113e+02
2.476701839652430692e+02
1.665679679604743910e+02
1.308573806949209484e+02
1.302132935226956079e+02
1.882367234734711019e+02
2.152377156037876205e+02
1.988699074766391277e+02
1.969323244661277386e+02
1.990988218246146175e+02
1.404594027788363633e+02
1.990988218246146175e+02
1.776224931562815641e+02
1.934300771336716878e+02
2.043981454408614411e+02
1.878236538461397345e+02
2.261980081019267459e+02
3.001643278021555261e+02
2.096628970067929743e+02
2.454639840696967497e+02
1.906880999327964901e+02
1.451243811200092182e+02
1.661454310838387300e+02
2.069855690322817452e+02
2.114830099447702310e+02
1.701805390619925902e+02
1.865742442034799353e+02
2.786895427962289205e+02
2.786895427962289205e+02
2.786895427962289205e+02
2.436707511156627675e+02
2.382790180745375324e+02
2.382790180745375324e+02
2.382790180745375324e+02
2.476292453767744064e+02
2.452580271885133243e+02
1.909656657850759416e+02
2.795653254539763566e+02
1.937478279468013511e+02
2.095311435752482794e+02
1.839023703244978947e+02
1.389527376107774614e+02
1.370964499518325397e+02
1.747970457332946808e+02
1.797683202671223626e+02
1.725031272481067219e+02
2.338985340709788261e+02
2.565784404352155548e+02
2.760864966646229277e+02
2.026749539344481832e+02
1.707374255746818221e+02
1.707374255746818221e+02
1.707374255746818221e+02
2.233228147702390345e+02
2.121996095997379257e+02
2.121996095997379257e+02
1.700043471544820761e+02
1.603540024942744822e+02
1.603540024942744822e+02
1.776224931562818483e+02
1.769104975291951689e+02
2.743564653494733534e+02
2.743564653494733534e+02
1.814576495374151079e+02
1.638508854379372508e+02
1.502759146548764875e+02
1.502759146548764875e+02
2.198615027497731660e+02
1.907522274227642924e+02
2.198615027497731660e+02
1.943748267795395464e+02
1.468373197414012452e+02
1.459760679428044341e+02
2.383042829694948921e+02
2.713266034731082073e+02
1.833587121515009812e+02
1.991793852565708676e+02
3.150393985789100384e+02
3.236955868041218878e+02
1.478161336793704379e+02
2.555266247082701341e+02
1.550399159242511757e+02
2.417441391813288476e+02
2.955444309940564835e+02
2.945921131608825476e+02
2.325963291513216120e+02
1.947129357223056445e+02
4.247324624483641173e+02
3.182684516745557630e+02
2.484815377724781911e+02
2.393181482398321691e+02
2.393181482398321691e+02
2.393181482398321691e+02
1.930168295564915013e+02
3.011320356870058390e+02
2.888548018281080090e+02
3.636058208450971279e+02
3.193396075222903505e+02
2.876973780165261019e+02
1.838905125957199687e+02
3.154904488271766922e+02
4.174483046082229976e+02
2.416307402404146387e+02
3.117716791094801465e+02
2.383033943777782042e+02
2.253854546482500893e+02
2.253854546482500893e+02
2.288517037925637112e+02
1.822330445628855955e+02
1.793040422461918411e+02
1.793040422461918411e+02
2.568469206758537098e+02
2.698349732999536172e+02
1.654991023204435976e+02
2.343497812141418422e+02
4.222315166800510724e+02
2.616737317968841126e+02
3.527225602372921003e+02
3.027041401344109204e+02
2.600636564434667548e+02
2.381474837723828841e+02
1.206041970305389128e+02
1.902619152809830325e+02
1.529783793174747188e+02
3.979776378480178209e+02
2.110859088753093147e+02
2.909072029960033205e+02
2.073372570488798772e+02
1.937478279468013511e+02
1.937478279468013511e+02
1.974348224752352792e+02
1.974348224752349950e+02
1.514317632268241312e+02
1.486305034551969584e+02
2.389513347802812007e+02
1.902463528868449600e+02
1.747677078559358961e+02
2.426481253555896558e+02
2.883815621138407437e+02
2.074081666308599097e+02
2.097122602024405751e+02
2.074081666308599097e+02
2.844730723528837757e+02
2.074081666308599097e+02
3.248331662685113201e+02
2.332856914803730604e+02
1.949460141827015605e+02
3.048687946524947847e+02
1.535162218696420098e+02
2.692033068903060098e+02
2.731008783717257415e+02
3.283685361813965642e+02
2.567851990451349025e+02
1.696487435113351125e+02
1.334655884415857088e+02
2.799715592178813495e+02
2.284334305803354823e+02
2.418343612813690697e+02
1.904320619658331850e+02
1.650707997139326721e+02
2.751579702449391220e+02
1.866278464896732601e+02
1.730773857261098101e+02
1.319757878337308341e+02
1.909656657850758279e+02
2.072378080614449232e+02
2.177371416856768747e+02
2.650803910311617528e+02
2.124091658696139007e+02
2.011424111461136874e+02
2.016114571166169469e+02
1.739895642495543484e+02
2.809473740728845996e+02
2.296020602898919094e+02
2.520725779306921766e+02
2.505956865401309983e+02
3.001643278021555261e+02
3.505685353482476216e+02
2.055247056419799776e+02
3.923640501566127341e+02
3.355842523853930288e+02
3.355842523853930288e+02
3.355842523853930288e+02
2.249638076745213482e+02
3.076098491677518041e+02
2.509582826197226950e+02
3.478453193428483701e+02
2.951186627309351138e+02
2.882454235719337703e+02
2.492659184069745493e+02
3.274111639121798589e+02
2.251116072375587578e+02
2.251116072375587578e+02
1.305514880505209305e+02
1.062483120727729329e+02
1.039680337987397110e+02
1.211445746869050168e+02
1.796345869091182124e+02
2.544223609863387594e+02
1.868296606203855390e+02
2.312019159194859412e+02
2.596020208162090626e+02
2.100614181748386500e+02
2.100614181748386500e+02
1.990128257399703386e+02
1.704990518863822899e+02
1.990128257399703386e+02
1.704990518863822899e+02
2.380018691535584878e+02
2.325878341433331684e+02
3.100829762774338860e+02
1.966610875074146918e+02
2.996011064763922604e+02
2.713658703589114793e+02
1.977058027207298778e+02
1.805295494937003582e+02
2.168482729340498167e+02
3.078199362292529031e+02
2.398114912174657150e+02
2.867517316424010687e+02
2.793374951661724594e+02
2.793374951661724594e+02
2.380709396309341628e+02
3.091778454009926804e+02
1.921985091582560585e+02
2.688458303588375884e+02
3.007840861919301005e+02
2.122057545737312410e+02
1.292074053672467358e+02
1.809678789985519245e+02
1.785071553753828653e+02
1.067512571174664799e+02
1.389402159890586006e+02
1.567624864783268208e+02
1.372923887110374608e+02
1.612589657587919874e+02
2.395502238100172860e+02
2.395502238100172860e+02
2.395502238100172860e+02
1.624236486691422670e+02
1.936027951533254736e+02
1.835852196285030686e+02
1.728408429413034355e+02
1.728408429413034355e+02
1.728408429413034355e+02
1.454632834262636152e+02
2.170645653492149734e+02
3.307921278796316642e+02
2.683049067045307083e+02
2.599113312205390685e+02
2.599113312205390685e+02
2.962988953734250117e+02
1.788705572879646866e+02
2.183736437455037560e+02
2.183736437455037560e+02
2.183736437455016812e+02
3.064505869961906228e+02
3.064505869961906228e+02
3.064505869961906228e+02
3.064505869961906228e+02
3.064505869961906228e+02
3.064505869961916460e+02
