6.172432757521394819e+01
6.205136884030309830e+01
4.954751743587754476e+01
3.833389224854809640e+01
4.573910041321988729e+01
5.654203848572129232e+01
3.373797950622243746e+01
5.069846512273223027e+01
4.834912264254857917e+01
3.119898781827224710e+01
3.167520075506064714e+01
3.462840618863855724e+01
3.915497987164871319e+01
3.106907792572058113e+01
4.534673687840621881e+01
4.514839686594823576e+01
3.844428120768361623e+01
4.568888277400226627e+01
5.198270922611223455e+01
4.047920006843922636e+01
4.603358499663309544e+01
4.744630646306871569e+01
3.223272322321637517e+01
4.352713994002792219e+01
5.062250830016726866e+01
4.998906945864604268e+01
3.713878167243162665e+01
4.393579649260594522e+01
4.448394799449893355e+01
4.133916686715763689e+01
3.343485813657346739e+01
3.046518496837784085e+01
3.139394159461363643e+01
2.946813965520916057e+01
4.218536236197159894e+01
2.929850746276190776e+01
2.983294575119384362e+01
2.626679664556768756e+01
2.601843318845130071e+01
3.359233988939212168e+01
3.177548639089510374e+01
4.316229890840007499e+01
4.269849891861751701e+01
4.906613676881399044e+01
5.290418935625308450e+01
3.932178801518782052e+01
2.718281176875371585e+01
5.943691985723752680e+01
3.758885526000268129e+01
3.312026968604292421e+01
2.887501671115891355e+01
4.176289419630390398e+01
4.225073548591617367e+01
3.732793049550408426e+01
4.557567028103557050e+01
4.908855604505229309e+01
4.818193229287994939e+01
3.723204005525449389e+01
4.261146309715826419e+01
4.312383938108566639e+01
4.579251779810479661e+01
4.789840315432030593e+01
6.100321690219254123e+01
1.891472950215966975e+01
2.303282935019457867e+01
2.171843965025402667e+01
2.337328983673728544e+01
2.353582510765731683e+01
2.281553052055279807e+01
2.281553052055279807e+01
2.252660593123637511e+01
3.407679267864764228e+01
2.686277431302101704e+01
2.609062818845288589e+01
2.538532350838784524e+01
3.879794039910784420e+01
4.493053736628715455e+01
4.480607073275911034e+01
4.843913602397862661e+01
4.848525263231981342e+01
5.288407334111597180e+01
3.490422819428008694e+01
3.695778768896744992e+01
3.695778768896744992e+01
2.995600440574761691e+01
3.305480874203161079e+01
4.754669055731847749e+01
2.434297755646351646e+01
2.066594602066997766e+01
2.460943982776039007e+01
3.633874938717705305e+01
3.090981745608323905e+01
2.548745966589978451e+01
3.961935837192907428e+01
3.961935837192907428e+01
4.849452809912884277e+01
5.352122055175482274e+01
1.228114454997869132e+01
4.920991206021719222e+01
3.191411710310671523e+01
3.094312897028605747e+01
5.455565686638524880e+01
3.565303645824184287e+01
3.377481619846320626e+01
3.287024042292737391e+01
3.038244128197526805e+01
3.038244128197526805e+01
5.140013389716533254e+01
2.327069593251234281e+01
2.617535402110816278e+01
2.617535402110816278e+01
2.617535402110816278e+01
3.427885836837096889e+01
2.134136680847834810e+01
4.961134714995557715e+01
2.857980598807158401e+01
2.857980598807158401e+01
2.986351381238116431e+01
2.788951546914617552e+01
3.958971672345067105e+01
3.958971672345067105e+01
3.232167713422985855e+01
1.824329961364963992e+01
9.773134151528292790e+00
1.093656540745604033e+01
3.194744376662567120e+01
3.138675430078300010e+01
1.992845525005062512e+01
1.072497222788592097e+01
1.837207627604190918e+01
2.070055006972800271e+01
1.951691009568781254e+01
1.115337626477981914e+01
1.190934500538230267e+01
3.074623979421508579e+01
6.494588076054370163e+01
5.903728156180291364e+01
6.379457516501085479e+01
3.506698487956602861e+01
3.049516169400480692e+01
2.827136558883672635e+01
3.872041814219950595e+01
5.958257598113128495e+01
3.596466409529642050e+01
3.194744124634751614e+01
3.114265868016720873e+01
3.140647696741208605e+01
3.384552207468607321e+01
2.881357583556796342e+01
5.738196123178518349e+01
2.769066587097588439e+01
2.355671917624590606e+01
2.598318292393247120e+01
2.579476836144834806e+01
2.805044304643609721e+01
2.827460931384368337e+01
2.170970465797619653e+01
4.317474189460297396e+01
2.617535402110816278e+01
2.624794546428561404e+01
3.139394159461363643e+01
4.534804199492543120e+01
1.980827889268066144e+01
2.835791705168358234e+01
2.830152675986198219e+01
4.230750467229941592e+01
4.230750467229941592e+01
4.230750467229941592e+01
3.448876847097330511e+01
3.359233988939212168e+01
4.233111963023044666e+01
3.184642603303096564e+01
3.980586710752819357e+01
4.345164929551368971e+01
4.869304520852412566e+01
5.949428439031400728e+01
3.741810644862805191e+01
3.741810644862805191e+01
3.741810644862805191e+01
6.061834149850630382e+01
6.730890997237793272e+01
1.064208491279033808e+01
1.299279636335693056e+01
1.395019882136768530e+01
1.389403690447879924e+01
1.334446257755771370e+01
2.715676048212976212e+01
3.054826545251958336e+01
3.032084183807242184e+01
3.005112006931775781e+01
2.813874332793580635e+01
3.268048773960342146e+01
3.066673998468055728e+01
3.086353537616255949e+01
3.111129715890250225e+01
3.111129715890250225e+01
3.111129715890250225e+01
2.999311674472812683e+01
2.999311674472812683e+01
2.999311674472812683e+01
2.930131775344904810e+01
2.959501715731066440e+01
2.959501715731066440e+01
2.959501715731066440e+01
2.221942300445123664e+01
8.286692888370122745e+00
1.377934453538247794e+01
1.477300271330127401e+01
1.473744515580489534e+01
1.417397623559872244e+01
2.860353892241598928e+01
2.919488311106144707e+01
3.575697666106393768e+01
3.204920795637610809e+01
3.214021590097615189e+01
2.277499895803195074e+01
6.845894756046721596e+00
3.348096415196637565e+01
3.079841954580740548e+01
3.486692021676952180e+01
3.639834565940009981e+01
3.761845568176080690e+01
3.015673587687204105e+01
3.414766676684214985e+01
3.308429155922404163e+01
3.308429155922404163e+01
5.648028476597577452e+00
3.218583003981408552e+01
3.254264911463681642e+01
3.254264911463681642e+01
3.254264911463681642e+01
3.464690931209229063e+01
2.579476836144834806e+01
3.287452864778074968e+01
2.429997054649566834e+01
2.196038626088729018e+01
3.791736232975172527e+01
4.329556600676571065e+01
3.870107733971666875e+01
4.101633934515228930e+01
3.139394159461363643e+01
2.952191563253337137e+01
2.598133042032035078e+01
2.620771922532713916e+01
3.433808414886562588e+01
2.851557484542092169e+01
3.323734482880819030e+01
3.479710796103555737e+01
4.969428295679754370e+01
3.259764184288351174e+01
2.875907763694760177e+01
2.910492386250806618e+01
3.799874484585065204e+01
4.193661777578869021e+01
2.772797909229512925e+01
2.663383032712522791e+01
3.524108092433873196e+01
7.210393977883259709e+01
7.785522267074452429e+01
4.982915722445418538e+01
3.375088499344993664e+01
3.103837948080895259e+01
4.298507542895887212e+01
4.008944192032581100e+01
4.455428599173986015e+01
7.336758934881378025e+01
4.248427588551967204e+01
4.248427588551967204e+01
4.248427588551967204e+01
4.093855708205093435e+01
3.451608119458165902e+01
3.451608119458165902e+01
3.451608119458165902e+01
3.992062302729013368e+01
3.552516988172742884e+01
3.448876847097330511e+01
3.836828957924436878e+01
3.867026687883024749e+01
3.867026687883024749e+01
3.922606521082560960e+01
3.727598075322585913e+01
3.614771094496995119e+01
3.647668713555233921e+01
3.432686369106823321e+01
3.480352975278348993e+01
3.789336573981115919e+01
3.949842542207485963e+01
3.159598845987987659e+01
1.695059308591821434e+01
4.901142786903778159e+01
2.598318292393247120e+01
2.598318292393247120e+01
2.598318292393247120e+01
2.579476836144834806e+01
2.848836450875138482e+01
2.848836450875138482e+01
2.752964883263138063e+01
2.693382402758980021e+01
2.718761297403309385e+01
2.835791705168358234e+01
2.835791705168358234e+01
3.023091722127053060e+01
2.953589167492735257e+01
3.479710796103555737e+01
3.639046551459298229e+01
3.318903525458728154e+01
3.318903525458728154e+01
2.383099691454609825e+01
5.516893412399295471e+01
3.306613789344259402e+01
3.105968380221982983e+01
3.105968380221982983e+01
3.114265868016720873e+01
3.445047994572988870e+01
3.445047994572988870e+01
3.487482474108983865e+01
3.475816080108032935e+01
3.487482474108983865e+01
3.337194489356167537e+01
3.247068981373300289e+01
3.272387497162801395e+01
3.283353248151944115e+01
3.044323216916022901e+01
5.062250830016726866e+01
3.872041814219950595e+01
4.391612550930906878e+01
4.448394799449893355e+01
4.525860062374412962e+01
3.759669453473057388e+01
4.655634275763238605e+01
4.655634275763238605e+01
4.655634275763238605e+01
4.524115659443712900e+01
3.652167579273208986e+01
3.652167579273208986e+01
4.053891253262831640e+01
4.260242329868152211e+01
4.043503137064232789e+01
4.132347295333889292e+01
3.764172261737952141e+01
3.480177815667735075e+01
6.413223262367755240e+01
1.170245994845728887e+01
1.198918346063533136e+01
2.519517881438094520e+01
2.366333103328714316e+01
2.683014619828178837e+01
2.558654544062766334e+01
2.577113840580640769e+01
2.494883430773070288e+01
2.494883430773070288e+01
2.494883430773070288e+01
2.494883430773070288e+01
2.456676030942138311e+01
7.423378836718185880e+00
1.230830605882259832e+01
1.321411833656258850e+01
1.315122775716197978e+01
1.262422151955248140e+01
2.760679969146378454e+01
2.579303126838115645e+01
2.849430414005100687e+01
2.954230579009625757e+01
2.521756360866317692e+01
2.784436321743172016e+01
2.806306680348099647e+01
2.827460931384368337e+01
2.827460931384368337e+01
2.732536785935092993e+01
2.732536785935092993e+01
2.732536785935092993e+01
2.680822978941316492e+01
2.706028191276072548e+01
2.706028191276072548e+01
2.716825773620506368e+01
2.039190805034066756e+01
7.109285952499237737e+01
7.191043261384390917e+01
1.737563342426951252e+01
1.469123990887926823e+01
1.571075169924176862e+01
1.570931137979180647e+01
1.513646037199720240e+01
3.136275250129939351e+01
3.765208689029911682e+01
3.406003961198089769e+01
3.741655564711376059e+01
3.400869256756379855e+01
4.104210965148342183e+01
3.322680215012172766e+01
3.799915901236824567e+01
3.827570158480656914e+01
3.867026687883024749e+01
3.867026687883024749e+01
3.690618277433489425e+01
3.690618277433489425e+01
3.577918133171153414e+01
3.624107539439224013e+01
2.830152675986198219e+01
2.664908396737881091e+01
2.396138029423743632e+01
3.359544580074808806e+01
2.431753183922659289e+01
3.078202819133661094e+01
2.281953643876289561e+01
2.436969053525106688e+01
1.393555335333508438e+01
1.889187739303867630e+01
2.986906748086579100e+01
2.575570546144989947e+01
1.702736396758573179e+01
1.826870540763063744e+01
1.889187739303867630e+01
2.715676048212976212e+01
2.038622086455854543e+01
1.889187739303867630e+01
1.889187739303867630e+01
2.212779207996680952e+01
1.449323778068572821e+01
1.550155923431706029e+01
3.732859664439465064e+01
2.113278190666332534e+01
2.458295046855929655e+01
2.911030850546748638e+01
2.436887737084134997e+01
5.983766703160385703e+01
3.552516988172742884e+01
4.360338929982056300e+01
5.959002346716053466e+01
4.899120099661337235e+01
5.054802726556087578e+01
4.438818930966834131e+01
5.339128629984310237e+01
6.092911405186029583e+01
6.010071342519107418e+01
4.260825201385834049e+01
4.892138037392290784e+01
5.113945097962003672e+01
5.215926032791212208e+01
5.293421734477709606e+01
4.794010123308969185e+01
3.734262082806354499e+01
3.371507238458050892e+01
3.448876847097330511e+01
4.898587138687796028e+01
3.233324643588878899e+01
2.890887619415400422e+01
2.830152675986198219e+01
2.854151268033834299e+01
3.073212695066596822e+01
3.114265868016720873e+01
5.929237829293364825e+01
6.652978671667756316e+01
5.685045836490466087e+01
6.449470487690592790e+01
5.633986321162936406e+01
4.193661777578869021e+01
6.938742664567317320e+01
3.778689552759605874e+01
2.460065212531588941e+01
2.460065212531588941e+01
2.460065212531588941e+01
4.289804876954632817e+01
9.207538751668888466e+00
1.574982903074228702e+01
1.791712004983246942e+01
1.679389003333657016e+01
1.683771237296199175e+01
1.625337442015572975e+01
2.786484636352226119e+01
3.377166271384447072e+01
3.377166271384447072e+01
3.377166271384447072e+01
3.981709035775072891e+01
3.966777866194379953e+01
4.214930775048009792e+01
3.108130179881580801e+01
4.590894003328060080e+01
5.297792316671312562e+01
3.477084930530606499e+01
4.641120362623058782e+01
5.200848125147777523e+01
2.808394312317949826e+01
2.243736759109742707e+01
2.243736759109742707e+01
2.447438474356906823e+01
2.440898677456327448e+01
2.447438474356906823e+01
2.440898677456327448e+01
4.577507028030212410e+01
5.898417217359418885e+01
4.064745166543319499e+01
6.682115261872674239e+00
5.835256535289239821e+01
3.910607853286808933e+01
4.401765428032163641e+01
4.757542106330993192e+01
2.817864680374221109e+01
3.429234025914269779e+01
9.677282948210944369e+00
1.697269498147936773e+01
1.814884332482195362e+01
1.775615314764474917e+01
1.775615314764474917e+01
1.754210070073567351e+01
1.435126323846048280e+01
3.090562184427311365e+01
2.367489441201497158e+01
3.524105717795129777e+01
4.102150205759742363e+01
3.647770561201855344e+01
3.647770561201855344e+01
4.270947449989668598e+01
4.807242640122047561e+01
3.650433615338763360e+01
3.868505580007463607e+01
4.928426061616089981e+01
3.645848109829920247e+01
2.960102972672125077e+01
3.948456821593076427e+01
4.424948692657559945e+01
3.137083533408028302e+01
3.137083533408028302e+01
3.137083533408028302e+01
2.888944845749883683e+01
2.683172291214869531e+01
2.222602718185942194e+01
2.423575424239679776e+01
2.644294691248650864e+01
2.644294691248650864e+01
2.644294691248650864e+01
2.636957727125581741e+01
1.224990703933496405e+01
1.995393538422287705e+01
2.120979860560409946e+01
2.140266498916219717e+01
2.091056542048533728e+01
2.091056542048533728e+01
1.625053793409075809e+01
4.096725403650103914e+01
3.536264761711527882e+01
3.536264761711527882e+01
3.536264761711527882e+01
4.155120482455753006e+01
4.155120482455735953e+01
4.155120482455735953e+01
4.155120482455735953e+01
4.155120482455735953e+01
4.155120482455727426e+01
