1.253277862964949918e+01
1.250203558421695860e+01
1.247037265325315047e+01
1.244328395575992019e+01
1.249095564634306399e+01
1.247841752779831737e+01
1.247057324324923577e+01
1.246852202215449168e+01
1.245086313732535999e+01
1.245577153262206416e+01
1.244803360478789322e+01
1.245257720541490798e+01
1.243987452642266334e+01
1.247444122948962075e+01
1.245601900874868484e+01
1.245148605792728880e+01
1.244268226556154033e+01
1.287384171097601104e+01
1.269059998529094457e+01
1.265644950338718289e+01
1.248338267196029427e+01
1.270133225889227369e+01
1.274282727264569992e+01
1.249455791760594536e+01
1.246447492329755491e+01
1.246132966089334637e+01
1.247297109386744474e+01
1.244909582567166417e+01
1.244903451709426889e+01
1.249631395143640056e+01
1.243760351843950041e+01
1.243923241812724001e+01
1.243616052050411191e+01
1.243749526225947299e+01
1.245114329637696926e+01
1.243918240279999132e+01
1.243950131108836032e+01
1.246127348660724543e+01
1.244303181409840953e+01
1.244873121542704375e+01
1.244093284136585353e+01
1.245078358971741395e+01
1.244403302775265274e+01
1.245491478487334724e+01
1.246566604210956974e+01
1.245103554031902604e+01
1.244004328912633817e+01
1.250152081952512084e+01
1.243984692816493798e+01
1.249325221934704899e+01
1.249538320648151135e+01
1.244617908553809649e+01
1.244602332651266252e+01
1.244430313483958450e+01
1.245398369234250957e+01
1.248152625346011391e+01
1.248904297711819744e+01
1.243856047673722287e+01
1.244328759116071126e+01
1.244422589636288556e+01
1.245259319275988652e+01
1.245059189105316300e+01
1.253860068902070246e+01
1.261526582949577424e+01
1.245581825819635036e+01
1.248974381590143601e+01
1.245363001727688612e+01
1.245289302878255988e+01
1.245739886274413877e+01
1.245739886274413877e+01
1.247605921663379647e+01
1.251375418085032365e+01
1.385742072826501925e+01
1.244495068510750180e+01
1.244948289494349325e+01
1.246786430679385660e+01
1.246901580912317264e+01
1.244815709113547264e+01
1.246039421361332700e+01
1.246770344303791411e+01
1.247070676941727640e+01
1.248402543935902109e+01
1.246537203720891007e+01
1.246537203720891007e+01
1.243649005239031702e+01
1.243726983821472842e+01
1.246587116703938136e+01
1.245160832219317371e+01
1.247467437406672275e+01
1.245887233421687235e+01
1.244076826103830236e+01
1.244547078794467154e+01
1.245802074788656100e+01
1.244310277957456456e+01
1.244310277957456456e+01
1.245996127101830986e+01
1.248592611985770162e+01
1.260908570076655622e+01
1.245420872084951291e+01
1.243987585047890398e+01
1.244152071219969002e+01
1.251162750922305378e+01
1.244036857593935608e+01
1.243823788037637179e+01
1.245907623785966400e+01
1.243711440270534219e+01
1.243711440270534219e+01
1.250858522250720739e+01
1.246616084720012552e+01
1.246083424408271334e+01
1.246083424408271334e+01
1.246083424408271334e+01
1.244264086425777016e+01
1.247413920460042469e+01
1.245415412403368016e+01
1.245916682942905851e+01
1.245916682942905851e+01
1.245174890261756140e+01
1.247727205993841970e+01
1.244106784201694538e+01
1.244106784201694538e+01
1.245274650051264587e+01
1.248885341448461617e+01
1.273129133883753283e+01
1.265769657041623120e+01
1.246285633182951536e+01
1.244107886873195312e+01
1.251925767787417954e+01
1.262552797521246895e+01
1.251683178663054186e+01
1.249899321491473358e+01
1.247351541695959298e+01
1.259482205907263719e+01
1.258385705181062875e+01
1.247608314232716964e+01
1.252765971381933774e+01
1.248449101115026494e+01
1.253741236025561179e+01
1.244008421905090600e+01
1.243924009229489691e+01
1.244090682300865858e+01
1.244142991735455972e+01
1.251991473065442406e+01
1.243774870122667586e+01
1.244826110531635699e+01
1.243614267573742893e+01
1.243629499965951446e+01
1.243905925133633161e+01
1.243794569275018524e+01
1.263803662414781037e+01
1.244330956129429033e+01
1.245280181424505805e+01
1.246357883471245565e+01
1.244400795567824858e+01
1.244256407819718291e+01
1.243820782259967039e+01
1.246193725029305455e+01
1.247494257520044592e+01
1.246083424408271334e+01
1.245985264260184167e+01
1.243616052050411191e+01
1.244790641510759777e+01
1.247216785499519887e+01
1.246162146268696702e+01
1.243818104754893206e+01
1.245510730307955427e+01
1.245510730307955427e+01
1.245510730307955427e+01
1.243747539756970610e+01
1.244873121542704375e+01
1.244449975919494733e+01
1.243684906341334617e+01
1.245647069900847725e+01
1.244422764197580022e+01
1.250412147421225839e+01
1.258527649572455154e+01
1.243937921637722610e+01
1.243937921637722610e+01
1.243937921637722610e+01
1.249665806249906730e+01
1.281274497262986323e+01
1.261788131373307742e+01
1.254583812895006290e+01
1.252434127909192263e+01
1.251834885813831022e+01
1.253658267265914539e+01
1.248239044054758828e+01
1.245911800182885365e+01
1.243670114964459650e+01
1.243679272982333117e+01
1.246426300822809985e+01
1.245559068374285161e+01
1.243868938263876167e+01
1.243616997699018611e+01
1.243614364369895497e+01
1.243614364369895497e+01
1.243614364369895497e+01
1.243710740027948347e+01
1.243710740027948347e+01
1.243710740027948347e+01
1.245621951737278188e+01
1.245375528788227726e+01
1.245375528788227726e+01
1.245375528788227726e+01
1.246042608951689878e+01
1.273146607491586124e+01
1.253865283306005907e+01
1.250903049309482107e+01
1.250531729418579374e+01
1.252931414935720866e+01
1.250498162205074060e+01
1.247149380145466324e+01
1.244716846812995215e+01
1.244932970441167441e+01
1.244942807688289932e+01
1.245657514980536718e+01
1.287177003991516777e+01
1.243843284272898231e+01
1.247040689042774275e+01
1.243836428729789212e+01
1.245452008479880668e+01
1.244163042786814799e+01
1.245144468015245209e+01
1.243748939825551503e+01
1.243878503946183223e+01
1.243878503946183223e+01
1.356846194570707809e+01
1.246361207802021731e+01
1.246112355645729686e+01
1.246112355645729686e+01
1.246112355645729686e+01
1.243857532669158772e+01
1.244400795567824858e+01
1.243849324299879733e+01
1.245168739390602219e+01
1.247861204073557850e+01
1.244201021185823031e+01
1.245141344336807521e+01
1.250377003219092131e+01
1.249804214267392766e+01
1.243616052050411191e+01
1.243930267232761899e+01
1.244361525586256967e+01
1.244255171236733304e+01
1.248184468864633345e+01
1.243804722346284741e+01
1.243724133273693333e+01
1.243748783942280056e+01
1.246821051550333159e+01
1.243738606829897364e+01
1.243741344620894473e+01
1.243909694882539263e+01
1.245758670283891156e+01
1.246093020186231826e+01
1.243973661944452225e+01
1.244790251860873376e+01
1.243839283218180292e+01
1.267598986988411269e+01
1.303937515303685757e+01
1.245391306150814970e+01
1.243785158300714855e+01
1.244123602749026958e+01
1.244282098942865744e+01
1.245584196242105435e+01
1.244906904643059065e+01
1.280180224416767665e+01
1.244596933245054515e+01
1.244596933245054515e+01
1.244596933245054515e+01
1.244297202158005611e+01
1.243956569719342298e+01
1.243956569719342298e+01
1.243956569719342298e+01
1.244725093937267957e+01
1.244584611962121912e+01
1.243747539756970610e+01
1.243911177230823206e+01
1.244142189710949964e+01
1.244142189710949964e+01
1.244132726337727668e+01
1.244352310704548614e+01
1.247552293898041320e+01
1.247358298932753762e+01
1.244654674717388154e+01
1.243849767871522438e+01
1.244448938608224431e+01
1.243976941972183603e+01
1.244134133350005733e+01
1.248719154638961015e+01
1.245288522750542271e+01
1.246357883471245565e+01
1.246357883471245565e+01
1.246357883471245565e+01
1.244400795567824858e+01
1.243806859743408921e+01
1.243806859743408921e+01
1.243930758805437087e+01
1.245493830885549791e+01
1.245229498675390900e+01
1.246162146268696702e+01
1.246162146268696702e+01
1.243679920738138733e+01
1.245422792249004651e+01
1.243748783942280056e+01
1.243808157428289363e+01
1.244568541847417542e+01
1.244568541847417542e+01
1.247267809176416620e+01
1.247519097066099469e+01
1.244948485886305178e+01
1.246783704822020056e+01
1.246783704822020056e+01
1.243614267573742893e+01
1.243746725699359068e+01
1.243746725699359068e+01
1.243748869962689341e+01
1.243747725570969820e+01
1.243748869962689341e+01
1.243851882578789514e+01
1.246160281774238854e+01
1.245996441606760641e+01
1.245929508093837335e+01
1.244328152598257553e+01
1.246447492329755491e+01
1.244142991735455972e+01
1.244389593717744269e+01
1.244903451709426889e+01
1.244912570274444974e+01
1.245886007901682113e+01
1.245037244598787396e+01
1.245037244598787396e+01
1.245037244598787396e+01
1.244946588094438056e+01
1.245236296902189110e+01
1.245236296902189110e+01
1.249898121493894010e+01
1.244284744340769855e+01
1.244989585980049185e+01
1.244180548291371657e+01
1.244554811316332810e+01
1.247821861384019648e+01
1.251962473654410424e+01
1.257417670737436666e+01
1.256421974831457966e+01
1.244590517666630269e+01
1.247594954180591564e+01
1.246948185317704372e+01
1.244453843982263663e+01
1.244406927737034074e+01
1.244707994436083709e+01
1.244707994436083709e+01
1.244707994436083709e+01
1.244707994436083709e+01
1.246366819095280221e+01
1.279072569472588938e+01
1.255756705038871957e+01
1.254262599823625024e+01
1.253517941393295132e+01
1.254803679787468873e+01
1.243912536204833863e+01
1.246651220488496747e+01
1.244280764447986698e+01
1.246089444619511788e+01
1.245624514835907526e+01
1.244249188244167925e+01
1.243840368420386078e+01
1.243820782259967039e+01
1.243820782259967039e+01
1.243985152161003604e+01
1.243985152161003604e+01
1.243985152161003604e+01
1.245635968339614763e+01
1.245358389896937190e+01
1.245358389896937190e+01
1.244015891155103759e+01
1.246893282172023376e+01
1.271534198178249220e+01
1.267732229074225714e+01
1.267512782053169573e+01
1.253446789423016838e+01
1.249707940256238992e+01
1.249571359736566656e+01
1.252455925951023907e+01
1.245910562881213757e+01
1.244227212041627162e+01
1.244315649645642452e+01
1.244338314024787806e+01
1.248467686204322113e+01
1.245970156785934257e+01
1.245921803216634949e+01
1.243884552719097591e+01
1.244154472343249829e+01
1.244142189710949964e+01
1.244142189710949964e+01
1.244393453284384066e+01
1.244393453284384066e+01
1.247787166083536547e+01
1.247495790613231925e+01
1.243818104754893206e+01
1.244416092763261084e+01
1.246999444231213516e+01
1.246496385845064303e+01
1.252888584133934735e+01
1.251182534967538196e+01
1.264324649797664968e+01
1.258556587346767053e+01
1.352088620856050838e+01
1.262220350140593261e+01
1.245420320652552171e+01
1.250291271196117115e+01
1.273936883620426919e+01
1.263656666365605297e+01
1.262220350140593261e+01
1.248239044054758828e+01
1.269829916120044899e+01
1.262220350140593261e+01
1.262220350140593261e+01
1.256914620267122018e+01
1.317594244249647417e+01
1.294617420993458623e+01
1.250049654470051230e+01
1.258146206808918599e+01
1.259670231809520580e+01
1.247354773791030702e+01
1.252563257245345518e+01
1.258286535061549039e+01
1.244584611962121912e+01
1.245822154551845529e+01
1.253521552800249061e+01
1.245399769153270775e+01
1.247029881032589671e+01
1.254325164707791629e+01
1.246384093030163065e+01
1.251526160387040321e+01
1.250716773454504782e+01
1.249443877641468781e+01
1.245206431342595543e+01
1.245696721596233481e+01
1.246768777012963447e+01
1.246860197195958087e+01
1.253903290849685881e+01
1.243851356750855786e+01
1.243783180966679502e+01
1.243747539756970610e+01
1.246836155949234559e+01
1.243718545640427386e+01
1.245363551423045223e+01
1.243818104754893206e+01
1.243762079405480669e+01
1.243943065515309065e+01
1.243614267573742893e+01
1.254353353885565525e+01
1.263358171130561125e+01
1.248715226634980802e+01
1.253206555951781453e+01
1.247443715064175684e+01
1.246093020186231826e+01
1.371462598448675330e+01
1.243883479456221330e+01
1.251697799972588854e+01
1.251697799972588854e+01
1.251697799972588854e+01
1.255712936196965401e+01
1.268666639773218741e+01
1.253093274902839127e+01
1.251572857679173723e+01
1.248800983962239997e+01
1.248826733872914119e+01
1.251998785872021713e+01
1.247725339050868065e+01
1.245063985043071497e+01
1.245063985043071497e+01
1.245063985043071497e+01
1.244037771445319684e+01
1.244022721616573079e+01
1.244298189356585027e+01
1.245848957765253928e+01
1.244706956882382087e+01
1.246191197735595679e+01
1.244319482664152332e+01
1.244772770968629061e+01
1.246982814668261419e+01
1.243907111812971600e+01
1.247447624279040745e+01
1.247447624279040745e+01
1.246197365465699036e+01
1.246293627748475963e+01
1.246197365465699036e+01
1.246293627748475963e+01
1.245311277751794954e+01
1.251984195342039285e+01
1.244075314526289056e+01
1.288343736458894462e+01
1.451644065892352842e+01
1.266452658303233569e+01
1.249897841890126848e+01
1.249222801361786317e+01
1.259515482770188299e+01
1.253147206658986512e+01
1.266463198830666137e+01
1.252561311799979649e+01
1.248126886351455234e+01
1.248678711226659921e+01
1.248678711226659921e+01
1.251337229939744944e+01
1.251453754238179883e+01
1.244253647105987604e+01
1.245298148337768751e+01
1.245431038925280909e+01
1.244094101260497176e+01
1.244540879418584467e+01
1.244540879418584467e+01
1.244341732619820817e+01
1.246169077151399840e+01
1.243934476262258748e+01
1.285811134156525881e+01
1.245467667063317130e+01
1.244738614487101103e+01
1.247281473388959583e+01
1.243977448431902566e+01
1.247487666775011128e+01
1.243657991124058704e+01
1.243657991124058704e+01
1.243657991124058704e+01
1.245608401950069499e+01
1.244229249764885026e+01
1.247853231071881019e+01
1.246561838727397209e+01
1.245735912924833322e+01
1.245735912924833322e+01
1.245735912924833322e+01
1.245827325683109166e+01
1.449041441119839568e+01
1.250436593648424122e+01
1.246570919358433116e+01
1.246380199311226278e+01
1.246856849659818423e+01
1.246856849659818423e+01
1.249136493619413635e+01
1.244217925146817016e+01
1.243740953077320199e+01
1.243740953077320199e+01
1.243740953077320199e+01
1.245209778230435838e+01
1.245209778230434594e+01
1.245209778230434594e+01
1.245209778230434594e+01
1.245209778230434594e+01
1.245209778230432818e+01
